0	1045131647
26.214	940093823
52.428	876848639
78.642	878165631
104.856	911371503
131.07	843401327
157.284	973706607
183.498	840663535
209.712	1045147247
235.926	907234031
262.14	1045585663
288.354	1046123903
314.568	1046123903
340.782	873629695
366.996	943960559
393.21	911232751
419.424	939743471
445.638	1007383407
471.852	844674927
498.066	843752431
524.28	1007139455
550.494	877816575
576.708	877816575
602.922	807236095
629.136	974755695
655.35	907773423
681.564	907913327
707.778	944262895
733.992	1012624623
760.206	1012569455
786.42	944865791
812.634	978563583
838.848	978563583
865.062	911232767
891.276	911367919
917.49	874215279
943.704	1041805679
969.918	977816815
996.132	807234287
1022.35	1012634991
1048.56	1045529599
1074.77	1040431087
1100.99	1006652671
1127.2	843210495
1153.42	843210495
1179.63	939542015
1205.84	941209455
1232.06	974823919
1258.27	910671471
1284.49	809660143
1310.7	810906111
1336.91	906146671
1363.13	810721791
1389.34	907914879
1415.56	907914879
1441.77	1010912511
1467.98	1046189423
1494.2	944276975
1520.41	1012119551
1546.63	940591343
1572.84	873164031
1599.05	940591103
1625.27	940591103
1651.48	1012511103
1677.7	1008379375
1703.91	1040693871
1730.12	876767983
1756.34	840202223
1782.55	977383807
1808.77	876782063
1834.98	878553215
1861.19	911298303
1887.41	911298303
1913.62	977431295
1939.84	1011005295
1966.05	806060527
1992.26	977974255
2018.48	1006652143
2044.69	941320959
2070.91	910181359
2097.12	974161919
2123.33	1041933823
2149.55	1041933823
2175.76	1041741951
2201.98	1011437295
2228.19	907891183
2254.4	873706351
2280.62	843293679
2306.83	809802367
2333.05	1040271599
2359.26	1012550399
2385.47	945010047
2411.69	945010047
2437.9	874153471
2464.12	1011529711
2490.33	940591855
2516.54	878341359
2542.76	838943727
2568.97	1011909631
2595.19	974890991
2621.4	941080191
2647.61	978929919
2673.83	978929919
2700.04	906842623
2726.26	807056239
2752.47	911452143
2778.68	878553711
2804.9	944852719
2831.11	974343935
2857.33	1011069295
2883.54	906725375
2909.75	874295807
2935.97	874295807
2962.18	939542783
2988.4	941255407
3014.61	944211951
3040.82	978421231
3067.04	1040950767
3093.25	973584511
3119.47	874138351
3145.68	944927231
3171.89	874166143
3198.11	874166143
3224.32	911452159
3250.54	844998767
3276.75	806570223
3302.96	939674863
3329.18	979023215
3355.39	906724863
3381.61	906801647
3407.82	878279807
3434.03	839085311
3460.25	839085311
3486.46	978224639
3512.68	872645615
3538.89	1011590127
3565.1	1041676399
3591.32	4281617135
3617.53	1866089077
3643.75	4281469879
3669.96	2860464289
3696.17	2860463693
3722.39	1291793997
3748.6	2054109249
3774.82	2976856587
3801.03	2280601116
3827.24	3052352539
3853.46	2088711180
3879.67	1760506457
3905.89	2248094226
3932.1	2248095838
3958.31	2248094739
3984.53	2550084627
4010.74	3127851522
4036.96	1290746886
4063.17	1114894130
4089.38	196439864
4115.6	447217462
4141.81	1571450686
4168.03	1078787888
4194.24	1249673022
4220.45	1249673010
4246.67	1270316850
4272.88	1386475326
4299.1	213118774
4325.31	1233022772
4351.52	1531506484
4377.74	1317273392
4403.95	914878268
4430.17	978489855
4456.38	1040627839
4482.59	1040627839
4508.81	906184959
4535.02	911955951
4561.24	876774383
4587.45	1008379887
4613.66	911059055
4639.88	978340607
4666.09	910327407
4692.31	806650879
4718.52	911385087
4744.73	911385087
4770.95	806204927
4797.16	843676783
4823.38	807029999
4849.59	1008633839
4875.8	878346735
4902.02	1044550655
4928.23	941014639
4954.45	805521663
4980.66	910906879
5006.87	910906879
5033.09	809730559
5059.3	944481263
5085.52	911060079
5111.73	1012497007
5137.94	877289071
5164.16	873759231
5190.37	877897711
5216.59	877507583
5242.8	878214783
5269.01	878214783
5295.23	1044466431
5321.44	844072431
5347.66	878413295
5373.87	977508335
5400.08	941014127
5426.3	872564991
5452.51	810243055
5478.73	843743743
5504.94	1011590655
5531.15	1011590655
5557.37	911060607
5583.58	1012497007
5609.8	906188911
5636.01	840270319
5662.22	911452143
5688.44	878556159
5714.65	877165679
5740.87	1010845951
5767.08	912229887
5793.29	912229887
5819.51	843228671
5845.72	806719983
5871.94	974568559
5898.15	1041858159
5924.36	807097839
5950.58	941261823
5976.79	977441263
6003.01	1007528063
6029.22	978943103
6055.43	978943103
6081.65	872569983
6107.86	872776687
6134.08	974824943
6160.29	840207983
6186.5	940079215
6212.72	943737599
6238.93	912229359
6265.15	810723327
6291.36	906336255
6317.57	906336255
6343.79	939965567
6370	941194863
6396.22	907694575
6422.43	1041926127
6448.64	978491375
6474.86	1042131071
6501.07	843677295
6527.29	873162879
6553.5	807175167
6579.71	807175167
6605.93	973842431
6632.14	844400751
6658.36	911310447
6684.57	973700719
6710.78	872851439
6737	910403583
6763.21	872781807
6789.43	973519999
6815.64	1045986431
6841.85	1045986431
6868.07	1011373055
6894.28	1007388655
6920.5	1045600239
6946.71	973380207
6972.92	1011383407
6999.14	1011379839
7025.35	806191599
7051.57	945529343
7077.78	843419263
7103.99	843419263
7130.21	910260863
7156.42	973634159
7182.64	805808111
7208.85	1006871023
7235.06	811373039
7261.28	1042259583
7287.49	944274543
7313.71	945312767
7339.92	1008436735
7366.13	1008436735
7392.35	978556927
7418.56	944019567
7444.78	973635183
7470.99	944270447
7497.2	979077103
7523.42	1046193151
7549.63	1007978607
7575.85	876707455
7602.06	1040285311
7628.27	1040285311
7654.49	805808127
7680.7	974824943
7706.92	811373039
7733.13	975150191
7759.34	1011972719
7785.56	940070399
7811.77	1011000303
7837.99	978556927
7864.2	1042132607
7890.41	1042132607
7916.63	1011972223
7942.84	1011968623
7969.06	840213487
7995.27	943887855
8021.48	843353711
8047.7	872447615
8073.91	839941743
8100.13	844080639
8126.34	974825471
8152.55	974825471
8178.77	910988287
8204.98	941529199
8231.2	1006665327
8257.41	1041265135
8283.62	943957999
8309.84	872781311
8336.05	974957679
8362.27	872447615
8388.48	1040739967
8414.69	1040739967
8440.91	809871359
8467.12	944936431
8493.34	939821679
8519.55	874077807
8545.76	973109871
8571.98	845128703
8598.19	1046127087
8624.41	843944959
8650.62	1008180351
8676.83	1008180351
8703.05	973109887
8729.26	910194159
8755.48	1011066863
8781.69	907384815
8807.9	944547951
8834.12	1006663807
8860.33	1007775343
8886.55	844474367
8912.76	873763839
8938.97	873763839
8965.19	940869759
8991.4	874077295
9017.62	805920367
9043.83	845128687
9070.04	945530351
9096.26	811439615
9122.47	1008179823
9148.69	910776959
9174.9	810579967
9201.11	810579967
9227.33	807182847
9253.54	806131695
9279.76	945596527
9305.97	1008294511
9332.18	1041262703
9358.4	811378175
9384.61	805671919
9410.83	1006930559
9437.04	810113151
9463.25	810113151
9489.47	1007180927
9515.68	878682607
9541.9	1011591151
9568.11	911054319
9594.32	1040685167
9620.54	843669119
9646.75	876638703
9672.97	878486527
9699.18	906795007
9725.39	906795007
9751.61	944548479
9777.82	941185647
9804.04	844131439
9830.25	844932079
9856.46	873830383
9882.68	1041533567
9908.89	872963695
9935.11	877747839
9961.32	878482415
9987.53	944548479
10013.7	1008228479
10040	1008228479
10066.2	811159167
10092.4	843948527
10118.6	806131695
10144.8	973441647
10171	906517103
10197.2	838948991
10223.5	872847343
10249.7	907317759
10275.9	939831807
10302.1	939831807
10328.3	1041668223
10354.5	910253679
10380.7	872445935
10407	878551535
10433.2	810390511
10459.4	1045801087
10485.6	810049135
10511.8	844712063
10538	911058943
10564.2	911058943
10590.5	810324479
10616.7	974491247
10642.9	839998063
10669.1	911235695
10695.3	839358447
10721.5	806720511
10747.7	974434799
10774	974559359
10800.2	843143295
10826.4	843143295
10852.6	872445951
10878.8	876909039
10905	877499887
10931.2	978692719
10957.5	910252143
10983.7	907562623
11009.9	844404719
11036.1	912036351
11062.3	973442175
11088.5	973442175
11114.7	978820735
11140.9	838884463
11167.2	840405487
11193.4	839685615
11219.6	1040495087
11245.8	973511807
11272	876632175
11298.2	977713151
11324.4	877958143
11350.7	877958143
11376.9	878548991
11403.1	1045802607
11429.3	907041903
11455.5	810043503
11481.7	843421679
11507.9	810391039
11534.2	1011189871
11560.4	907040895
11586.6	1045409407
11612.8	1045409407
11639	806262783
11665.2	811373551
11691.4	1007990255
11717.7	1041213551
11743.9	843078255
11770.1	1044821503
11796.3	810915311
11822.5	940880383
11848.7	1044753535
11874.9	1044753535
11901.2	805330559
11927.4	873549423
11953.6	940938735
11979.8	911053807
12006	1012239471
12032.2	978755199
12058.4	805923439
12084.7	1045796863
12110.9	810391551
12137.1	810391551
12163.3	939898367
12189.5	1045407855
12215.7	979348591
12241.9	944158703
12268.2	910988783
12294.4	1041544191
12320.6	1012248175
12346.8	907635839
12373	907036799
12399.2	907036799
12425.4	940348415
12451.6	939832303
12477.9	1045793391
12504.1	874080367
12530.3	805858415
12556.5	979146239
12582.7	811439599
12608.9	1011201535
12635.1	941600383
12661.4	941600383
12687.6	1045342847
12713.8	1011266031
12740	912037871
12766.2	973452271
12792.4	805808239
12818.6	805923967
12844.9	945261679
12871.1	1041012735
12897.3	973386751
12923.5	973386751
12949.7	1045793407
12975.9	1046390895
13002.1	978234991
13028.4	912102911
13054.6	1045803519
13080.8	940485231
13107	840460399
13133.2	974632431
13159.4	975016431
13185.6	1012183551
13211.9	872852095
13238.1	911125631
13264.3	1045859455
13290.5	1045859455
13316.7	944607743
13342.9	1007990255
13369.1	1012238959
13395.4	1045342319
13421.6	872507503
13447.8	873435647
13474	974434815
13500.2	1044756479
13526.4	974040191
13552.6	974040191
13578.9	978824319
13605.1	973582831
13631.3	939832815
13657.5	1011200495
13683.7	907454575
13709.9	1045933183
13736.1	977700991
13762.3	1042126847
13788.6	939898879
13814.8	939898879
13841	979143295
13867.2	1045932655
13893.4	1045866607
13919.6	805745647
13945.8	1007990255
13972.1	1045214207
13998.3	1007135871
14024.5	1045867647
14050.7	941077503
14076.9	941077503
14103.1	940881919
14129.3	945599983
14155.6	840345711
14181.8	977775727
14208	973507695
14234.2	974436351
14260.4	1011200511
14286.6	1012776575
14312.8	945268863
14339.1	945268863
14365.3	1011264127
14391.5	806794223
14417.7	1040561647
14443.9	1045214703
14470.1	973580399
14496.3	1044818047
14522.6	878098431
14548.8	1045870591
14575	1011660799
14601.2	1011660799
14627.4	906406527
14653.6	1012313199
14679.8	1007662575
14706.1	1012184047
14732.3	1045804015
14758.5	873367679
14784.7	944220287
14810.9	1041206399
14837.1	1012184575
14863.3	1012184575
14889.6	1012250623
14915.8	1012709359
14942	1041672815
14968.2	1011845743
14994.4	811054575
15020.6	1044754943
15046.8	1012709375
15073	1041673855
15099.3	1012894335
15125.5	1012894335
15151.7	974107647
15177.9	978695151
15204.1	1045213679
15230.3	839879279
15256.5	939961455
15282.8	975145087
15309	806859263
15335.2	811382271
15361.4	840937983
15387.6	840937983
15413.8	1008701055
15440	975146607
15466.3	910668271
15492.5	978105327
15518.7	806335471
15544.9	908037247
15571.1	1041206399
15597.3	1008646655
15623.5	1012250623
15649.8	1012250623
15676	944616959
15702.2	874416751
15728.4	1042255471
15754.6	1007585391
15780.8	1011202031
15807	1046263295
15833.3	979219967
15859.5	1042254975
15885.7	1041139839
15911.9	1041139839
15938.1	877113855
15964.3	1011660271
15990.5	807384047
16016.8	809937007
16043	1007586927
16069.2	811513855
16095.4	1011660287
16121.6	941602303
16147.8	906988159
16174	906988159
16200.3	940543103
16226.5	844008559
16252.7	944551407
16278.9	944617455
16305.1	805736047
16331.3	941591679
16357.5	1008175743
16383.8	1008187391
16410	978171391
16436.2	978171391
16462.4	839288959
16488.6	912230511
16514.8	941525103
16541	911717359
16567.2	1011660783
16593.5	839288959
16619.7	906989183
16645.9	974030975
16672.1	877104767
16698.3	877104767
16724.5	979153407
16750.7	805734511
16777	840338543
16803.2	940543599
16829.4	843549807
16855.6	840414719
16881.8	1011725823
16908	1040682111
16934.2	912231039
16960.5	912231039
16986.7	1008175231
17012.9	844607983
17039.1	945665519
17065.3	805736047
17091.5	878676079
17117.7	1041729663
17144	911641215
17170.2	1012708351
17196.4	806784127
17222.6	806784127
17248.8	806784639
17275	1007586415
17301.2	877038703
17327.5	906473967
17353.7	874492399
17379.9	907447423
17406.1	878677631
17432.3	877039231
17458.5	840415231
17484.7	840415231
17511	1045279743
17537.2	907447919
17563.4	878677615
17589.6	910592623
17615.8	805735535
17642	805735551
17668.2	840339071
17694.5	844531839
17720.7	810977919
17746.9	810977919
17773.1	907447423
17799.3	872844911
17825.5	877038191
17851.7	907447919
17877.9	840338543
17904.2	877037695
17930.4	906398847
17956.6	872844415
17982.8	877037695
18009	877037695
18035.2	810977919
18061.4	872844911
18087.7	877038191
18113.9	906398831
18140.1	873893487
18166.3	906398847
18192.5	907447935
18218.7	906399359
18244.9	906399359
18271.2	906399359
18297.4	877037695
18323.6	872844911
18349.8	839356015
18376	907447919
18402.2	877038191
18428.4	906398847
18454.7	840338559
18480.9	907447423
18507.1	911640703
18533.3	911640703
18559.5	907447423
18585.7	907447407
18611.9	840338543
18638.2	906399343
18664.4	877037679
18690.6	907447423
18716.8	907447423
18743	906398847
18769.2	877038207
18795.4	877038207
18821.7	872844927
18847.9	907447407
18874.1	907447919
18900.3	877038191
18926.5	907447407
18952.7	906399359
18978.9	906398847
19005.1	906398847
19031.4	877037695
19057.6	907447919
19083.8	907447407
19110	906398831
19136.2	877038191
19162.4	872844415
19188.6	907447919
19214.9	906399359
19241.1	877037695
19267.3	877037695
19293.5	878086271
19319.7	872844911
19345.9	907447407
19372.1	878086767
19398.4	873893487
19424.6	907447423
19450.8	840339055
19477	878086271
19503.2	878086271
19529.4	878086271
19555.6	906399359
19581.9	907447407
19608.1	844531823
19634.3	907447919
19660.5	906398831
19686.7	907447423
19712.9	907447919
19739.1	906398847
19765.4	878086271
19791.6	878086271
19817.8	878086271
19844	872844911
19870.2	906399343
19896.4	877038191
19922.6	907447919
19948.9	906399359
19975.1	906398831
20001.3	878086783
20027.5	872844927
20053.7	872844927
20079.9	906399359
20106.1	877037679
20132.4	877038191
20158.6	907447919
20184.8	906398831
20211	877038207
20237.2	906399343
20263.4	872844927
20289.6	878086271
20315.8	878086271
20342.1	877037695
20368.3	873893487
20394.5	877038191
20420.7	906399343
20446.9	907447919
20473.1	906398847
20499.3	907447407
20525.6	906398847
20551.8	906398847
20578	906398847
20604.2	878086271
20630.4	906399343
20656.6	907447407
20682.8	906399343
20709.1	878086255
20735.3	872844927
20761.5	907517551
20787.7	977292031
20813.9	911886975
20840.1	911886975
20866.3	844211071
20892.6	911836655
20918.8	874481775
20945	945728623
20971.2	1044819055
20997.4	1041139839
21023.6	843549807
21049.8	906398847
21076.1	906398847
21102.3	906398847
21128.5	877037695
21154.7	872844399
21180.9	878086255
21207.1	906399343
21233.3	878086767
21259.6	906399359
21285.8	907447407
21312	906398847
21338.2	877038207
21364.4	877038207
21390.6	906398847
21416.8	906399343
21443.1	906398831
21469.3	877038191
21495.5	906399343
21521.7	907447423
21547.9	877037679
21574.1	877038207
21600.3	906398847
21626.5	906398847
21652.8	840339071
21679	878086255
21705.2	906398831
21731.4	906398831
21757.6	907447407
21783.8	910592127
21810	907447407
21836.3	907447935
21862.5	907447423
21888.7	907447423
21914.9	907447935
21941.1	906398831
21967.3	906398831
21993.5	906399343
22019.8	872844911
22046	878086271
22072.2	906398831
22098.4	907447423
22124.6	878086783
22150.8	878086783
22177	906398847
22203.3	907447407
22229.5	906398831
22255.7	878086767
22281.9	906399343
22308.1	872844415
22334.3	907447919
22360.5	878086271
22386.8	907447423
22413	907447423
22439.2	910592127
22465.4	872844399
22491.6	877111407
22517.8	907635311
22544	805325423
22570.3	944473599
22596.5	1040365551
22622.7	945724543
22648.9	940665983
22675.1	940665983
22701.3	878027775
22727.5	806654447
22753.8	807374447
22780	1045867119
22806.2	974098031
22832.4	1008175231
22858.6	843548783
22884.8	877037695
22911	907447935
22937.2	907447935
22963.5	810977919
22989.7	906398831
23015.9	877038191
23042.1	906398319
23068.3	911640687
23094.5	906399359
23120.7	878086767
23147	906399359
23173.2	906398847
23199.4	906398847
23225.6	907447935
23251.8	877038191
23278	907447407
23304.2	906399343
23330.5	907447407
23356.7	878086783
23382.9	906398831
23409.1	907447423
23435.3	906399359
23461.5	906399359
23487.7	877037695
23514	906399343
23540.2	906398831
23566.4	873893487
23592.6	911640687
23618.8	872844927
23645	877037679
23671.2	877037695
23697.5	906399359
23723.7	906399359
23749.9	910592127
23776.1	906398831
23802.3	906399343
23828.5	872844399
23854.7	906399343
23881	906399359
23907.2	872844911
23933.4	843549311
23959.6	906398847
23985.8	906398847
24012	907447935
24038.2	877038191
24064.5	906398831
24090.7	907447407
24116.9	906398831
24143.1	911640703
24169.3	906399343
24195.5	872844927
24221.7	907447423
24247.9	907447423
24274.2	906399359
24300.4	907447407
24326.6	809994863
24352.8	974563439
24379	1007662575
24405.2	941396479
24431.4	939821679
24457.7	944679039
24483.9	978824831
24510.1	978824831
24536.3	1045207039
24562.5	843945455
24588.7	877112943
24614.9	979282031
24641.2	873436143
24667.4	973386239
24693.6	1045793903
24719.8	940542079
24746	974030975
24772.2	974030975
24798.4	809995903
24824.7	839356015
24850.9	910592623
24877.1	910593151
24903.3	906399359
24929.5	906399359
24955.7	839356031
24981.9	907447919
25008.2	878086255
25034.4	872844399
25060.6	872844399
25086.8	839356031
25113	877038207
25139.2	906399359
25165.4	906399359
25191.7	906399359
25217.9	872844415
25244.1	877038191
25270.3	906398831
25296.5	907447407
25322.7	911640687
25348.9	906398847
25375.2	906399359
25401.4	872844927
25427.6	907447423
25453.8	907447423
25480	877037695
25506.2	907447407
25532.4	910592111
25558.6	877037679
25584.9	878086255
25611.1	806784639
25637.3	906398847
25663.5	911641215
25689.7	907447423
25715.9	907447423
25742.1	907447423
25768.4	877037679
25794.6	906399343
25820.8	907447407
25847	906398831
25873.2	877038207
25899.4	872844927
25925.6	906399359
25951.9	906399359
25978.1	906399359
26004.3	877038207
26030.5	907447919
26056.7	907447919
26082.9	906398831
26109.1	878086767
26135.4	806784639
26161.6	907447935
26187.8	910593151
26214	877037695
26240.2	877037695
26266.4	907447935
26292.6	906398831
26318.9	877038191
26345.1	906399343
26371.3	907446895
26397.5	878086271
26423.7	877038207
26449.9	873893503
26476.1	877037695
26502.4	877037695
26528.6	877037695
26554.8	907447919
26581	906399343
26607.2	907447919
26633.4	906399343
26659.6	906398335
26685.9	907447423
26712.1	906398847
26738.3	907447935
26764.5	907447935
26790.7	877037695
26816.9	907447407
26843.1	907447919
26869.3	840338543
26895.6	878086767
26921.8	907447423
26948	906398847
26974.2	906399359
27000.4	877038207
27026.6	877038207
27052.8	906398847
27079.1	877037679
27105.3	907447407
27131.5	877038191
27157.7	840338543
27183.9	878086271
27210.1	906398847
27236.3	910592127
27262.6	907447935
27288.8	907447935
27315	878086783
27341.2	872844911
27367.4	810977903
27393.6	872844911
27419.8	878086767
27446.1	906399359
27472.3	907447423
27498.5	907447423
27524.7	906398847
27550.9	906398847
27577.1	906398847
27603.3	906399343
27629.6	839355503
27655.8	907447919
27682	906398831
27708.2	906398847
27734.4	907447935
27760.6	907447423
27786.8	878086271
27813.1	878086271
27839.3	906398847
27865.5	907447407
27891.7	840339055
27917.9	877038191
27944.1	906398831
27970.3	907447423
27996.6	906398847
28022.8	910592639
28049	873893503
28075.2	907447919
28101.4	907447407
28127.6	907447919
28153.8	877038191
28180	906398831
28206.3	840339055
28232.5	906398847
28258.7	878086783
28284.9	878086783
28311.1	907447423
28337.3	907447407
28363.5	906399343
28389.8	878086255
28416	906399343
28442.2	906399343
28468.4	907447407
28494.6	878086783
28520.8	872844927
28547	872844927
28573.3	907447935
28599.5	906398831
28625.7	878086767
28651.9	878086255
28678.1	872844911
28704.3	907447919
28730.5	906399343
28756.8	907447935
28783	906399359
28809.2	906399359
28835.4	907447423
28861.6	878086255
28887.8	907447407
28914	906398831
28940.3	878086255
28966.5	877038191
28992.7	907447407
29018.9	906398847
29045.1	878086271
29071.3	878086271
29097.5	906398847
29123.8	906398831
29150	907447919
29176.2	877038191
29202.4	907447407
29228.6	906398831
29254.8	872844911
29281	910592127
29307.3	906398847
29333.5	906398847
29359.7	907447423
29385.9	878086767
29412.1	840338543
29438.3	906398831
29464.5	906399343
29490.8	878086255
29517	906398831
29543.2	907447423
29569.4	907447935
29595.6	907447935
29621.8	877037695
29648	906398831
29674.2	906399343
29700.5	906398831
29726.7	911640687
29752.9	840338543
29779.1	872844911
29805.3	877037695
29831.5	906398847
29857.7	906398847
29884	907447935
29910.2	810977903
29936.4	878086255
29962.6	906398831
29988.8	872844911
30015	878086767
30041.2	907447919
30067.5	907447423
30093.7	877038207
30119.9	877038207
30146.1	906398847
30172.3	906398831
30198.5	906399343
30224.7	911640687
30251	878086255
30277.2	907447407
30303.4	906398831
30329.6	840339071
30355.8	877038207
30382	877038207
30408.2	907447935
30434.5	907447407
30460.7	907447407
30486.9	877037679
30513.1	873893487
30539.3	877037679
30565.5	907447407
30591.7	878086783
30618	806784639
30644.2	806784639
30670.4	906398847
30696.6	906398831
30722.8	877037695
30749	878086255
30775.2	840338543
30801.4	906399343
30827.7	877038191
30853.9	872844927
30880.1	907447423
30906.3	907447423
30932.5	911641215
30958.7	878086767
30984.9	906399359
31011.2	906399343
31037.4	907447919
31063.6	877038191
31089.8	907447407
31116	878086271
31142.2	873893503
31168.4	873893503
31194.7	840339071
31220.9	840338543
31247.1	878086783
31273.3	906399343
31299.5	906399343
31325.7	907447919
31351.9	810977903
31378.2	907447423
31404.4	907447423
31430.6	907447423
31456.8	911641215
31483	878086767
31509.2	906399359
31535.4	873893487
31561.7	906398831
31587.9	877037679
31614.1	907447919
31640.3	877038207
31666.5	906399359
31692.7	906399359
31718.9	906398335
31745.2	906398319
31771.4	878086783
31797.6	906398831
31823.8	878086767
31850	877037679
31876.2	877037679
31902.4	906399359
31928.7	877037695
31954.9	877037695
31981.1	906399359
32007.3	906399343
32033.5	872844415
32059.7	911640687
32085.9	907447919
32112.1	872844911
32138.4	910592111
32164.6	906398847
32190.8	907447935
32217	907447935
32243.2	906398847
32269.4	906398831
32295.6	878086271
32321.9	907447407
32348.1	911640687
32374.3	872844911
32400.5	877037679
32426.7	872844927
32452.9	872844927
32479.1	872844927
32505.4	877037695
32531.6	877037679
32557.8	907447935
32584	906399343
32610.2	906398831
32636.4	907447919
32662.6	872844911
32688.9	906398847
32715.1	877037695
32741.3	877037695
32767.5	877038207
32793.7	877038191
32819.9	906399359
32846.1	809994351
32872.4	907447407
32898.6	907447919
32924.8	907447407
32951	877037695
32977.2	873893503
33003.4	873893503
33029.6	911640703
33055.9	878086255
33082.1	878086783
33108.3	906398831
33134.5	878086255
33160.7	877038191
33186.9	906398831
33213.1	906399359
33239.4	810977919
33265.6	810977919
33291.8	906399359
33318	906399343
33344.2	872844927
33370.4	878086767
33396.6	906398831
33422.8	873893487
33449.1	910592111
33475.3	906398847
33501.5	907447935
33527.7	907447935
33553.9	878086271
33580.1	878086255
33606.3	878086271
33632.6	873893487
33658.8	877038191
33685	806784623
33711.2	906399343
33737.4	878086271
33763.6	907447935
33789.8	907447935
33816.1	906399359
33842.3	906399343
33868.5	878086783
33894.7	873893487
33920.9	907447919
33947.1	906399343
33973.3	810977391
33999.6	907447423
34025.8	906399359
34052	906399359
34078.2	911640703
34104.4	911640687
34130.6	840338559
34156.8	907447407
34183.1	877037679
34209.3	906398831
34235.5	907447407
34261.7	906399359
34287.9	877037695
34314.1	877037695
34340.3	906398847
34366.6	906398831
34392.8	906399359
34419	910592111
34445.2	907447407
34471.4	877037679
34497.6	906398831
34523.8	878086271
34550.1	840338559
34576.3	840338559
34602.5	840339071
34628.7	840338543
34654.9	877038207
34681.1	907447407
34707.3	810977391
34733.5	907447919
34759.8	910592111
34786	907447423
34812.2	877038207
34838.4	877038207
34864.6	907447935
34890.8	907447919
34917	907447935
34943.3	877037679
34969.5	809994351
34995.7	840338543
35021.9	906398831
35048.1	910592127
35074.3	906398847
35100.5	906398847
35126.8	906399359
35153	906399343
35179.2	906398847
35205.4	906398831
35231.6	906399343
35257.8	878086255
35284	877037679
35310.3	907447423
35336.5	906398847
35362.7	906398847
35388.9	907447423
35415.1	907447407
35441.3	872844927
35467.5	907447919
35493.8	878086767
35520	872844911
35546.2	877038191
35572.4	906399359
35598.6	878086271
35624.8	878086271
35651	906398847
35677.3	906398831
35703.5	907447423
35729.7	877038191
35755.9	906398831
35782.1	906398831
35808.3	906399343
35834.5	877038207
35860.8	906398847
35887	906398847
35913.2	906398847
35939.4	906398831
35965.6	877038207
35991.8	907447919
36018	906399343
36044.2	906399343
36070.5	877038191
36096.7	872844927
36122.9	907447423
36149.1	907447423
36175.3	843549311
36201.5	809994863
36227.7	906399359
36254	840338543
36280.2	907447919
36306.4	877038191
36332.6	907447407
36358.8	907447935
36385	873893503
36411.2	873893503
36437.5	906399359
36463.7	906398831
36489.9	906398847
36516.1	910592111
36542.3	907447407
36568.5	907447919
36594.7	906398831
36621	873893503
36647.2	907447935
36673.4	907447935
36699.6	911640703
36725.8	878086255
36752	877037695
36778.2	907447407
36804.5	906399343
36830.7	810977391
36856.9	907447919
36883.1	872844927
36909.3	906398847
36935.5	906398847
36961.7	873892991
36988	873892975
37014.2	878086783
37040.4	840339055
37066.6	809994863
37092.8	906399343
37119	877038207
37145.2	840338543
37171.5	877038191
37197.7	906398831
37223.9	907447919
37250.1	906399343
37276.3	877038191
37302.5	906398847
37328.7	906398847
37354.9	906398847
37381.2	873893503
37407.4	911640687
37433.6	906398831
37459.8	907447919
37486	877037679
37512.2	840338543
37538.4	906398831
37564.7	906398847
37590.9	878086783
37617.1	878086783
37643.3	906398847
37669.5	906398831
37695.7	906399343
37721.9	810977903
37748.2	907447919
37774.4	878086255
37800.6	806784623
37826.8	878086783
37853	906398847
37879.2	906398847
37905.4	878086783
37931.7	906399343
37957.9	840339055
37984.1	906399343
38010.3	877037679
38036.5	907447407
38062.7	907447919
38088.9	907447423
38115.2	911640703
38141.4	911640703
38167.6	873892991
38193.8	873893487
38220	877038191
38246.2	877037679
38272.4	878086767
38298.7	906399343
38324.9	906399343
38351.1	877037695
38377.3	873893503
38403.5	873893503
38429.7	839355519
38455.9	906398831
38482.2	877038191
38508.4	906398831
38534.6	906399343
38560.8	907447407
38587	810977903
38613.2	906398847
38639.4	906398847
38665.7	906398847
38691.9	906399359
38718.1	878086767
38744.3	906399343
38770.5	907447407
38796.7	907447407
38822.9	878086255
38849.1	906398831
38875.4	840338559
38901.6	805801599
38927.8	805801599
38954	910592127
38980.2	907447407
39006.4	906399343
39032.6	810977391
39058.9	906399343
39085.1	906398831
39111.3	872844911
39137.5	911640703
39163.7	872844927
39189.9	872844927
39216.1	877037695
39242.4	810977391
39268.6	906398831
39294.8	910592111
39321	877037679
39347.2	907447407
39373.4	906398831
39399.6	840338559
39425.9	910592127
39452.1	910592127
39478.3	872844927
39504.5	907447919
39530.7	906399343
39556.9	907447407
39583.1	877038191
39609.4	906399343
39635.6	839356015
39661.8	907447935
39688	877037695
39714.2	877037695
39740.4	906398847
39766.6	906398831
39792.9	907447407
39819.1	910592111
39845.3	873893487
39871.5	840338543
39897.7	907447407
39923.9	877038191
39950.1	907447407
39976.3	878086271
40002.6	840338559
40028.8	877037695
40055	906398847
40081.2	906398847
40107.4	877038207
40133.6	906399343
40159.8	910592111
40186.1	872844911
40212.3	877038191
40238.5	872844415
40264.7	809994367
40290.9	878086783
40317.1	906399359
40343.3	906399359
40369.6	877037695
40395.8	872844911
40422	907447407
40448.2	906398831
40474.4	878086767
40500.6	906399359
40526.8	906398847
40553.1	907447423
40579.3	877037695
40605.5	877037695
40631.7	907447935
40657.9	877037679
40684.1	907447407
40710.3	911640687
40736.6	906398319
40762.8	878086271
40789	907447423
40815.2	906398847
40841.4	877037695
40867.6	877037695
40893.8	810977407
40920.1	906398831
40946.3	840339055
40972.5	878086767
40998.7	839356015
41024.9	872844927
41051.1	907447423
41077.3	878086783
41103.6	873893503
41129.8	873893503
41156	878086271
41182.2	906399343
41208.4	877037679
41234.6	906399343
41260.8	906399343
41287	873892991
41313.3	910592127
41339.5	873893503
41365.7	906399359
41391.9	906399359
41418.1	878086271
41444.3	906399343
41470.5	877037679
41496.8	907447407
41523	877037679
41549.2	873893503
41575.4	910592127
41601.6	806784639
41627.8	878086271
41654	878086271
41680.3	907447423
41706.5	906399343
41732.7	878086255
41758.9	877037679
41785.1	805801583
41811.3	906398847
41837.5	877038207
41863.8	907447935
41890	906398847
41916.2	906398847
41942.4	906399359
41968.6	877037679
41994.8	873893487
42021	878086255
42047.3	906398831
42073.5	911640703
42099.7	906398847
42125.9	907447935
42152.1	907447423
42178.3	907447423
42204.5	840339071
42230.8	907447407
42257	906399343
42283.2	906399343
42309.4	907447407
42335.6	907447935
42361.8	873893503
42388	907447935
42414.3	907447423
42440.5	907447423
42466.7	907447423
42492.9	877037679
42519.1	906398831
42545.3	877037679
42571.5	906398831
42597.8	878086783
42624	873893503
42650.2	878086783
42676.4	906398847
42702.6	906398847
42728.8	877037695
42755	907447919
42781.2	877037679
42807.5	906398831
42833.7	877038191
42859.9	906398335
42886.1	911640703
42912.3	872844927
42938.5	878086783
42964.7	878086783
42991	877037695
43017.2	872844911
43043.4	878086255
43069.6	906398831
43095.8	907447919
43122	907447423
43148.2	907447935
43174.5	907447423
43200.7	806784639
43226.9	806784639
43253.1	907447423
43279.3	906398831
43305.5	907447919
43331.7	877038191
43358	810977391
43384.2	907447423
43410.4	907447935
43436.6	878086271
43462.8	809994367
43489	809994367
43515.2	906398847
43541.5	872844911
43567.7	877038191
43593.9	906398831
43620.1	906399343
43646.3	877038207
43672.5	907447935
43698.7	906399359
43725	872844927
43751.2	872844927
43777.4	878086783
43803.6	906398831
43829.8	907447407
43856	910592111
43882.2	907447407
43908.4	906399359
43934.7	906398847
43960.9	907447423
43987.1	907447935
44013.3	907447935
44039.5	907447423
44065.7	878086255
44091.9	872844911
44118.2	872844911
44144.4	907447919
44170.6	877037695
44196.8	907447935
44223	906398847
44249.2	873893503
44275.4	873893503
44301.7	877038207
44327.9	873892975
44354.1	878086255
44380.3	878086767
44406.5	906399343
44432.7	906399359
44458.9	906398847
44485.2	839355519
44511.4	906399359
44537.6	906399359
44563.8	907447935
44590	906399343
44616.2	873893487
44642.4	907447407
44668.7	906398831
44694.9	907447423
44721.1	878086783
44747.3	906399359
44773.5	907447423
44799.7	907447423
44825.9	906399359
44852.2	878086767
44878.4	907447919
44904.6	840339055
44930.8	906398831
44957	877038207
44983.2	906398847
45009.4	906399359
45035.7	907447935
45061.9	907447935
45088.1	877037695
45114.3	840338543
45140.5	907447407
45166.7	907447919
45192.9	878086767
45219.1	906398847
45245.4	840338559
45271.6	907447423
45297.8	910592127
45324	910592127
45350.2	907447423
45376.4	877037679
45402.6	906399343
45428.9	906399343
45455.1	906398831
45481.3	906399359
45507.5	873893503
45533.7	906399359
45559.9	809994367
45586.1	809994367
45612.4	840338559
45638.6	878086255
45664.8	877037679
45691	877038191
45717.2	805801583
45743.4	877038207
45769.6	906398847
45795.9	872844927
45822.1	840338559
45848.3	840338559
45874.5	907447935
45900.7	907447407
45926.9	877037679
45953.1	877037679
45979.4	872844399
46005.6	906399359
46031.8	877038207
46058	907447423
46084.2	907447935
46110.4	907447935
46136.6	907447935
46162.9	907447935
46189.1	877037695
46215.3	907447919
46241.5	872844911
46267.7	907447407
46293.9	910592111
46320.1	840338047
46346.4	878086783
46372.6	906399359
46398.8	873893503
46425	873893503
46451.2	907447935
46477.4	878086255
46503.6	907447919
46529.8	810977391
46556.1	906399343
46582.3	911640703
46608.5	873892991
46634.7	878086783
46660.9	806784639
46687.1	806784639
46713.3	906399359
46739.6	877038191
46765.8	906398831
46792	878086255
46818.2	906399343
46844.4	877037695
46870.6	906399359
46896.8	910593151
46923.1	907447423
46949.3	907447423
46975.5	911640703
47001.7	873892975
47027.9	877038191
47054.1	873892975
47080.3	906399343
47106.6	910592127
47132.8	906398847
47159	910592127
47185.2	872844927
47211.4	872844927
47237.6	878086271
47263.8	906399343
47290.1	878086255
47316.3	906399343
47342.5	906399343
47368.7	873893503
47394.9	877038207
47421.1	873893503
47447.3	906399359
47473.6	906399359
47499.8	878086271
47526	878086255
47552.2	906398831
47578.4	906399343
47604.6	910592111
47630.8	907447423
47657.1	906398847
47683.3	840338559
47709.5	907447935
47735.7	907447935
47761.9	906399359
47788.1	906398831
47814.3	839355503
47840.5	906399343
47866.8	907447919
47893	877037695
47919.2	906398847
47945.4	907447935
47971.6	906398847
47997.8	906398847
48024	878086783
48050.3	906398831
48076.5	840338543
48102.7	878086255
48128.9	907447935
48155.1	907447919
48181.3	906399359
48207.5	877037679
48233.8	839356015
48260	906398831
48286.2	872844911
48312.4	810977919
48338.6	873892991
48364.8	873892991
48391	877038207
48417.3	877038191
48443.5	907447423
48469.7	840339055
48495.9	906398831
48522.1	907447919
48548.3	907447919
48574.5	907447423
48600.8	878086271
48627	878086271
48653.2	907447935
48679.4	907447919
48705.6	878086271
48731.8	878086767
48758	906398831
48784.3	806784623
48810.5	910592111
48836.7	906398847
48862.9	907447423
48889.1	907447423
48915.3	906399359
48941.5	906398831
48967.8	906399359
48994	906398831
49020.2	878086767
49046.4	906399343
49072.6	906398831
49098.8	810977407
49125	810977919
49151.2	810977919
49177.5	911640703
49203.7	878086255
49229.9	878086271
49256.1	907447407
49282.3	840338543
49308.5	877038191
49334.7	877037679
49361	872844927
49387.2	907447935
49413.4	907447935
49439.6	907447935
49465.8	907447919
49492	906398847
49518.2	872844911
49544.5	877038191
49570.7	872844911
49596.9	878086255
49623.1	810977407
49649.3	907447423
49675.5	907447423
49701.7	906399359
49728	906399343
49754.2	839355519
49780.4	906398831
49806.6	872844911
49832.8	907447407
49859	906399343
49885.2	839355519
49911.5	877038207
49937.7	877038207
49963.9	906398847
49990.1	906398831
50016.3	906399359
50042.5	877038191
50068.7	878086255
50095	907447407
50121.2	906398831
50147.4	810977919
50173.6	907447935
50199.8	907447935
50226	907447935
50252.2	907447919
50278.5	911640703
50304.7	840338543
50330.9	906399343
50357.1	906398831
50383.3	906398831
50409.5	907447935
50435.7	906398847
50461.9	906398847
50488.2	907447935
50514.4	907447919
50540.6	873893503
50566.8	906399343
50593	873893487
50619.2	907447407
50645.4	910592111
50671.7	906398847
50697.9	877038207
50724.1	877038207
50750.3	839356031
50776.5	839356015
50802.7	906399359
50828.9	877037679
50855.2	873893487
50881.4	906399343
50907.6	907447407
50933.8	911640703
50960	906398847
50986.2	906398847
51012.4	906398847
51038.7	906398831
51064.9	907447423
51091.1	907447919
51117.3	907447407
51143.5	878086255
51169.7	906398831
51195.9	873893503
51222.2	840339071
51248.4	840339071
51274.6	907447423
51300.8	907447407
51327	877038207
51353.2	907447407
51379.4	877038191
51405.7	872844911
51431.9	877038191
51458.1	906398847
51484.3	878086271
51510.5	878086271
51536.7	872844927
51562.9	872844911
51589.2	906399359
51615.4	877038191
51641.6	907447407
51667.8	906399343
51694	906398831
51720.2	878086271
51746.4	872844927
51772.6	872844927
51798.9	910592127
51825.1	877037679
51851.3	878086783
51877.5	906398831
51903.7	906399343
51929.9	877037679
51956.1	906398831
51982.4	906398847
52008.6	907447935
52034.8	907447935
52061	872844927
52087.2	872844911
52113.4	906399359
52139.6	906398831
52165.9	878086767
52192.1	906399343
52218.3	906398831
52244.5	877037695
52270.7	810977407
52296.9	810977407
52323.1	906399359
52349.4	906399343
52375.6	878086783
52401.8	906399343
52428	872844399
52454.2	906399343
52480.4	844531823
52506.6	907447423
52532.9	877038207
52559.1	877038207
52585.3	907447935
52611.5	907447919
52637.7	840339071
52663.9	878086767
52690.1	907447919
52716.4	907447407
52742.6	907447919
52768.8	877038207
52795	873893503
52821.2	873893503
52847.4	906398847
52873.6	906398831
52899.9	910592127
52926.1	840339055
52952.3	878086255
52978.5	840338543
53004.7	907447407
53030.9	906398847
53057.1	877038207
53083.3	877038207
53109.6	906399359
53135.8	906399343
53162	907447423
53188.2	878086767
53214.4	907447407
53240.6	839355503
53266.8	877037679
53293.1	810977407
53319.3	907447935
53345.5	907447935
53371.7	910592639
53397.9	877038191
53424.1	907447935
53450.3	872844399
53476.6	907447407
53502.8	810977903
53529	873893487
53555.2	878086783
53581.4	907447423
53607.6	907447423
53633.8	906399359
53660.1	906398831
53686.3	907447935
53712.5	906399343
53738.7	877037679
53764.9	878086255
53791.1	840338543
53817.3	906398847
53843.6	910592127
53869.8	910592127
53896	907447423
53922.2	907447407
53948.4	906398847
53974.6	906398831
54000.8	906399343
54027.1	907447407
54053.3	906399343
54079.5	906399359
54105.7	907447423
54131.9	907447423
54158.1	907447423
54184.3	907447407
54210.6	907447935
54236.8	906399343
54263	839355503
54289.2	878086255
54315.4	906398831
54341.6	878086271
54367.8	906399359
54394	906399359
54420.3	906399359
54446.5	906398831
54472.7	878086783
54498.9	907447407
54525.1	877038191
54551.3	907447407
54577.5	877038191
54603.8	906398847
54630	878086783
54656.2	878086783
54682.4	878086271
54708.6	878086255
54734.8	840339071
54761	906399343
54787.3	907447919
54813.5	877038191
54839.7	873892975
54865.9	906398847
54892.1	872844927
54918.3	872844927
54944.5	907447423
54970.8	907447407
54997	906398847
55023.2	911640687
55049.4	906398831
55075.6	907447407
55101.8	906398831
55128	907447423
55154.3	906399359
55180.5	877037679
55206.7	907447407
55232.9	906398831
55259.1	907447919
55285.3	911640703
55311.5	872844927
55337.8	872844927
55364	906398847
55390.2	906398847
55416.4	906398847
55442.6	878086767
55468.8	907447919
55495	906399343
55521.3	906399343
55547.5	877037695
55573.7	906398847
55599.9	877037695
55626.1	839356031
55652.3	839356031
55678.5	911640703
55704.8	872844911
55731	877038191
55757.2	806784623
55783.4	907447919
55809.6	911640703
55835.8	906398847
55862	907447935
55888.2	906399359
55914.5	906399359
55940.7	907447423
55966.9	877037679
55993.1	873893487
56019.3	906399343
56045.5	840339055
56071.7	878086783
56098	906398847
56124.2	907447423
56150.4	907447935
56176.6	907447935
56202.8	810977919
56229	907447407
56255.2	906399343
56281.5	872844911
56307.7	911640687
56333.9	906399359
56360.1	873893503
56386.3	910592127
56412.5	906399359
56438.7	906399359
56465	907447935
56491.2	877038191
56517.4	907447919
56543.6	906398831
56569.8	906398831
56596	910592127
56622.2	872844927
56648.5	878086271
56674.7	906399359
56700.9	906399359
56727.1	906398847
56753.3	877038191
56779.5	840339055
56805.7	872844911
56832	878086255
56858.2	877037695
56884.4	907447423
56910.6	877038207
56936.8	907447935
56963	907447935
56989.2	907447935
57015.4	872844911
57041.7	878086767
57067.9	806784623
57094.1	907447407
57120.3	877038207
57146.5	906399359
57172.7	839356031
57198.9	877037695
57225.2	877037695
57251.4	877037695
57277.6	906398831
57303.8	872844911
57330	878086767
57356.2	907447919
57382.4	873893503
57408.7	877038207
57434.9	906398847
57461.1	873893503
57487.3	873893503
57513.5	877038207
57539.7	907447919
57565.9	906399343
57592.2	906399343
57618.4	907447919
57644.6	872844927
57670.8	907447935
57697	907447935
57723.2	907447423
57749.4	907447423
57775.7	878086783
57801.9	872844911
57828.1	907447919
57854.3	907447919
57880.5	878086255
57906.7	878086271
57932.9	840338559
57959.2	907447423
57985.4	910592127
58011.6	910592127
58037.8	906398847
58064	907447919
58090.2	906399343
58116.4	907447919
58142.7	906399343
58168.9	872844927
58195.1	907447423
58221.3	906399359
58247.5	906399359
58273.7	906399359
58299.9	910592127
58326.1	907447407
58352.4	907447407
58378.6	906398831
58404.8	907447919
58431	906399359
58457.2	906398847
58483.4	907447935
58509.6	906398847
58535.9	906398847
58562.1	907447423
58588.3	878086255
58614.5	873893487
58640.7	878086255
58666.9	906398831
58693.1	878086783
58719.4	840338559
58745.6	878086271
58771.8	907447423
58798	907447423
58824.2	877037695
58850.4	906399343
58876.6	877038191
58902.9	873893487
58929.1	809994351
58955.3	872844927
58981.5	877038207
59007.7	906399359
59033.9	906399359
59060.1	906399359
59086.4	907447935
59112.6	907447919
59138.8	839355503
59165	906399343
59191.2	907447407
59217.4	907447423
59243.6	907447935
59269.9	907447423
59296.1	907447935
59322.3	907447935
59348.5	906398847
59374.7	907447407
59400.9	906399343
59427.1	906398831
59453.4	878086255
59479.6	906398847
59505.8	907447423
59532	906399359
59558.2	877037695
59584.4	877037695
59610.6	906399359
59636.8	906398831
59663.1	906399343
59689.3	844531823
59715.5	873893487
59741.7	810977407
59767.9	872844927
59794.1	907447935
59820.3	911640703
59846.6	911640703
59872.8	839356031
59899	840339055
59925.2	840338543
59951.4	878086255
59977.6	907447407
60003.8	907447423
60030.1	877037695
60056.3	877038207
60082.5	906398847
60108.7	906398847
60134.9	906398847
60161.1	809994351
60187.3	906399343
60213.6	906398831
60239.8	906398831
60266	877037695
60292.2	873893503
60318.4	878086271
60344.6	906399359
60370.8	906399359
60397.1	878086783
60423.3	906398831
60449.5	906399343
60475.7	872844911
60501.9	877037679
60528.1	907447935
60554.3	906398847
60580.6	877038207
60606.8	877037695
60633	877037695
60659.2	872844415
60685.4	878086255
60711.6	877038191
60737.8	907447919
60764.1	907447919
60790.3	906398847
60816.5	873893503
60842.7	872844927
60868.9	907447935
60895.1	907447935
60921.3	877037695
60947.5	906399343
60973.8	907447919
61000	840338543
61026.2	877038191
61052.4	873893503
61078.6	873893503
61104.8	877037695
61131	877037695
61157.3	877037695
61183.5	907447935
61209.7	907447919
61235.9	906399343
61262.1	907447919
61288.3	806784111
61314.5	907447935
61340.8	907447423
61367	873893503
61393.2	911641215
61419.4	911641215
61445.6	840338559
61471.8	907447407
61498	878086767
61524.3	906398831
61550.5	907447919
61576.7	877037695
61602.9	877038207
61629.1	877037695
61655.3	872844927
61681.5	872844927
61707.8	877038207
61734	906398831
61760.2	907447919
61786.4	906398831
61812.6	906398831
61838.8	907447423
61865	906398847
61891.3	907447935
61917.5	878086271
61943.7	878086271
61969.9	806784639
61996.1	907447919
62022.3	872844911
62048.5	911640687
62074.8	906399343
62101	907447935
62127.2	877038207
62153.4	840338559
62179.6	907447423
62205.8	907447423
62232	907447423
62258.2	878086255
62284.5	839355503
62310.7	907447407
62336.9	906398831
62363.1	877038207
62389.3	873893503
62415.5	907447935
62441.7	906399359
62468	906399359
62494.2	878086271
62520.4	906398831
62546.6	907447407
62572.8	906399343
62599	877037679
62625.2	907447423
62651.5	906398847
62677.7	872844927
62703.9	878086783
62730.1	878086783
62756.3	872844927
62782.5	907447407
62808.7	877038191
62835	906398831
62861.2	907447919
62887.4	906398847
62913.6	878086783
62939.8	906399359
62966	906398847
62992.2	906398847
63018.5	877037695
63044.7	810977903
63070.9	907447919
63097.1	877037679
63123.3	877037679
63149.5	873893503
63175.7	840338559
63202	878086271
63228.2	906399359
63254.4	906399359
63280.6	906399359
63306.8	878086255
63333	877038191
63359.2	873893487
63385.5	906398831
63411.7	877038207
63437.9	907447935
63464.1	907447423
63490.3	809994367
63516.5	809994367
63542.7	810977919
63568.9	872844399
63595.2	878086255
63621.4	877038191
63647.6	873893487
63673.8	877037695
63700	906398847
63726.2	906398847
63752.4	906398847
63778.7	906398847
63804.9	907447935
63831.1	906398831
63857.3	907447407
63883.5	907447919
63909.7	872844911
63935.9	907447935
63962.2	907447423
63988.4	906398847
64014.6	911640703
64040.8	911640703
64067	840339071
64093.2	907447919
64119.4	906399343
64145.7	872844911
64171.9	907447407
64198.1	907447935
64224.3	907447935
64250.5	907447935
64276.7	906398847
64302.9	907447407
64329.2	840339055
64355.4	907447407
64381.6	877037679
64407.8	907447407
64434	907447919
64460.2	840339071
64486.4	878086271
64512.7	878086271
64538.9	873893503
64565.1	873893487
64591.3	877037695
64617.5	910592111
64643.7	873893487
64669.9	906399343
64696.2	906399343
64722.4	907447935
64748.6	810977919
64774.8	810977919
64801	907447935
64827.2	907447919
64853.4	906399359
64879.6	911640687
64905.9	877037679
64932.1	907447407
64958.3	906399343
64984.5	906398847
65010.7	878086783
65036.9	878086783
65063.1	907447423
65089.4	907447407
65115.6	877037695
65141.8	810977391
65168	907447919
65194.2	840339055
65220.4	878086255
65246.6	907447935
65272.9	872844415
65299.1	872844415
65325.3	910592639
65351.5	877038191
65377.7	873892991
65403.9	911640687
65430.1	872844911
65456.4	878086767
65482.6	840339055
65508.8	231998
