0	839693823
26.214	1011858559
52.428	839608447
78.642	1045796863
104.856	1045796863
131.07	839225855
157.284	1011657839
183.498	945377007
209.712	840129647
235.926	912167407
262.14	874291711
288.354	906268271
314.568	876693759
340.782	974879359
366.996	974879359
393.21	806974463
419.424	878552047
445.638	839234031
471.852	1041153135
498.066	1040346863
524.28	1045523071
550.494	1012176367
576.708	1011590655
602.922	1007988351
629.136	1007988351
655.35	1041321215
681.564	840063087
707.778	907514863
733.992	977970671
760.206	810912367
786.42	911296767
812.634	1041922159
838.848	1046394367
865.062	907847167
891.276	907847167
917.49	1046189567
943.704	974633071
969.918	1866221807
996.132	4013693260
1022.35	4281861271
1048.56	1866089109
1074.77	4281884076
1100.99	2134788430
1127.2	2134114910
1153.42	4281598558
1179.63	4013299605
1205.84	1866095269
1232.06	4012918154
1258.27	1865699402
1284.49	4281484156
1310.7	4013557685
1336.91	4281599395
1363.13	2134792849
1389.34	2134134686
1415.56	4281618334
1441.77	1865437770
1467.98	4013314378
1494.2	4012920231
1520.41	1866226337
1546.63	4282254766
1572.84	1866072398
1599.05	4282013800
1625.27	4281881749
1651.48	4282008481
1677.7	4282008481
1703.91	1865686455
1730.12	1865550200
1756.34	4013034332
1782.55	4013694865
1808.77	4281877413
1834.98	2134514327
1861.19	1865830042
1887.41	1865550712
1913.62	4013035594
1939.84	4013184419
1966.05	2134643621
1992.26	2134377642
2018.48	2134514040
2044.69	4281995368
2070.91	4281994661
2097.12	4281994661
2123.33	4013556389
2149.55	1866353335
2175.76	1866352572
2201.98	4013576540
2228.19	4281749139
2254.4	4281881251
2280.62	2134381463
2306.83	2133874584
2333.05	2134524282
2359.26	4282007930
2385.47	4013711031
2411.69	4013167781
2437.9	1865941923
2464.12	1865436558
2490.33	2134262136
2516.54	4281616462
2542.76	4281750951
2568.97	3019848833
2595.19	3019847747
2621.4	2659137603
2647.61	1852783631
2673.83	2448375305
2700.04	2213492246
2726.26	2817474074
2752.47	2927572043
2778.68	1518288476
2804.9	2986293272
2831.11	2281651718
2857.33	2281651275
2883.54	2214542411
2909.75	2322543195
2935.97	1517236309
2962.18	1248802313
2988.4	2179936272
3014.61	2180985933
3040.82	2449421890
3067.04	2625584666
3093.25	1820275287
3119.47	1820274753
3145.68	2751410241
3171.89	2179938909
3198.11	1252126520
3224.32	1168666422
3250.54	1348103998
3276.75	1335361334
3302.96	1250033456
3329.18	914882364
3355.39	806653567
3381.61	806653567
3407.82	978230399
3434.03	944748015
3460.25	807241199
3486.46	911376879
3512.68	941265391
3538.89	877636223
3565.1	805916287
3591.32	974496255
3617.53	844268031
3643.75	844268031
3669.96	806527487
3696.17	1007454319
3722.39	1045933679
3748.6	873894895
3774.82	1007846383
3801.03	1044416511
3827.24	945009663
3853.46	1041148543
3879.67	1007072255
3905.89	1007072255
3932.1	1044612095
3958.31	4013208431
3984.53	1865816999
4010.74	1865422760
4036.96	4282009482
4063.17	2134000801
4089.38	4281338807
4115.6	2134526341
4141.81	2134005128
4168.03	2134005128
4194.24	4013835946
4220.45	1866223013
4246.67	1865829301
4272.88	4013840563
4299.1	2134641555
4325.31	4281747112
4351.52	4281618067
4377.74	2134639239
4403.95	2977902769
4430.17	195297072
4456.38	1569222450
4482.59	263712574
4508.81	478670652
4535.02	817065780
4561.24	1011974655
4587.45	840807423
4613.66	975079551
4639.88	1008051711
4666.09	1008051711
4692.31	907720575
4718.52	973649263
4744.73	877893103
4770.95	873368175
4797.16	873894383
4823.38	940290431
4849.59	944812415
4875.8	943826431
4902.02	1040550527
4928.23	1040550527
4954.45	844607999
4980.66	978552303
5006.87	1011922287
5033.09	940606959
5059.3	945010671
5085.52	810977919
5111.73	809805823
5137.94	840151935
5164.16	940618111
5190.37	940618111
5216.59	907781631
5242.8	1044678767
5269.01	944612335
5295.23	843755887
5321.44	973705583
5347.66	974751743
5373.87	810398719
5400.08	839881215
5426.3	1040954751
5452.51	1040954751
5478.73	974755199
5504.94	911783279
5531.15	1011585519
5557.37	1045804527
5583.58	840730095
5609.8	977318783
5636.01	877237631
5662.22	806069759
5688.44	940423167
5714.65	940423167
5740.87	1040556543
5767.08	907195247
5793.29	911316847
5819.51	974685167
5845.72	872789999
5871.94	1012175871
5898.15	843756927
5924.36	973640063
5950.58	876720511
5976.79	876720511
6003.01	4013462527
6029.22	4013556919
6055.43	1866355333
6081.65	1866205335
6107.86	4281602455
6134.08	4282142885
6160.29	4281746611
6186.5	2134134147
6212.72	2134530453
6238.93	2134530453
6265.15	4012920979
6291.36	4012916871
6317.57	4013836945
6343.79	1865571493
6370	2133988021
6396.22	2134003857
6422.43	4281600403
6448.64	4281617315
6474.86	4282127761
6501.07	2134644113
6527.29	1866209975
6553.5	1865568663
6579.71	4013162641
6605.93	4013705601
6632.14	4281736339
6658.36	2133988737
6684.57	2134770069
6710.78	2134247585
6737	2134247607
6763.21	4281731255
6789.43	4013425559
6815.64	1865811109
6841.85	1866090903
6868.07	1865554341
6894.28	4281884183
6920.5	4281734051
6946.71	2134248869
6972.92	2133873591
6999.14	2133999763
7025.35	2133999763
7051.57	4013444901
7077.78	4013691267
7103.99	4013703831
7130.21	1866089089
7156.42	2134261911
7182.64	2134787879
7208.85	4281340339
7235.06	4281490343
7261.28	4282272391
7287.49	2134788743
7313.71	1866219921
7339.92	1865679267
7366.13	4013823509
7392.35	4013709701
7418.56	2134524839
7444.78	2133859221
7470.99	2134116517
7497.2	4282259239
7523.42	4281356421
7549.63	4281356421
7575.85	1866078885
7602.06	1865566903
7628.27	1865566625
7654.49	1866090017
7680.7	4282277651
7706.92	4281733799
7733.13	2134770311
7759.34	2134511761
7785.56	2134529569
7811.77	2134529569
7837.99	4013821731
7864.2	4013557895
7890.41	1866075015
7916.63	1865959573
7942.84	2134529829
7969.06	2134771235
7995.27	4281731255
8021.48	2134381217
8047.7	2133873329
8073.91	2133873329
8100.13	1865418919
8126.34	1865944839
8152.55	4013706769
8178.77	1865423747
8204.98	2134268597
8231.2	2134136997
8257.41	2134511367
8283.62	4281749029
8309.84	4281745543
8336.05	4281745543
8362.27	1865831047
8388.48	1865945239
8414.69	1866227459
8440.91	1865698821
8467.12	4282013237
8493.34	2508141189
8519.55	92224072
8545.76	92224607
8571.98	92222550
8598.19	629093462
8624.41	2976855134
8650.62	2473541129
8676.83	2708419611
8703.05	91173376
8729.26	58668102
8755.48	931083790
8781.69	3045014102
8807.9	2709470801
8834.12	2709467720
8860.33	25113160
8886.55	854539271
8912.76	326054943
8938.97	3077519382
8965.19	2741975048
8991.4	25114649
9017.62	922697239
9043.83	629092367
9070.04	2977902599
9096.26	2977903185
9122.47	2474586705
9148.69	57620552
9174.9	820984926
9201.11	124728399
9227.33	326057541
9253.54	2541698654
9279.76	2709470745
9305.97	25113088
9332.18	889139782
9358.4	889142364
9384.61	662649948
9410.83	2976854111
9437.04	2708420624
9463.25	91174465
9489.47	888090710
9515.68	58670661
9541.9	2474587167
9568.11	2441033225
9594.32	58669056
9620.54	58669575
9646.75	822032903
9672.97	57619479
9699.18	393164868
9725.39	2540648455
9751.61	57619016
9777.82	889142862
9804.04	822031390
9830.25	561986629
9856.46	2441032791
9882.68	2441031768
9908.89	2172596312
9935.11	921646617
9961.32	854536719
9987.53	24066132
10013.7	359610956
10040	2776578135
10066.2	889140753
10092.4	889140303
10118.6	889142356
10144.8	889141277
10171	595539997
10197.2	2708421647
10223.5	124728409
10249.7	921647111
10275.9	854538837
10302.1	595539988
10328.3	2441031686
10354.5	58668032
10380.7	822032990
10407	822031895
10433.2	352269847
10459.4	91174925
10485.6	661601812
10511.8	91174943
10538	921648735
10564.2	385822734
10590.5	922695709
10616.7	595539013
10642.9	662647894
10669.1	662648903
10695.3	889141319
10721.5	384774223
10747.7	351223309
10774	57618509
10800.2	594493004
10826.4	92223582
10852.6	889142278
10878.8	352270420
10905	922695253
10931.2	922695260
10957.5	629093980
10983.7	124727879
11009.9	921647630
11036.1	384777796
11062.3	317666901
11088.5	25113693
11114.7	92221455
11140.9	889142799
11167.2	285160967
11193.4	285161996
11219.6	352270860
11245.8	57618965
11272	24066564
11298.2	854539295
11324.4	351221342
11350.7	285162508
11376.9	822030420
11403.1	125775957
11429.3	889140254
11455.5	889140831
11481.7	385824351
11507.9	317668892
11534.2	317665364
11560.4	57618460
11586.6	124730452
11612.8	352268359
11639	318717517
11665.2	285161028
11691.4	889139204
11717.7	889139804
11743.9	125776476
11770.1	854537735
11796.3	351221254
11822.5	552546885
11848.7	317666332
11874.9	92223005
11901.2	822032965
11927.4	318714958
11953.6	654261269
11979.8	654258189
12006	385822733
12032.2	888093267
12058.4	921647133
12084.7	384774175
12110.9	619657244
12137.1	587149853
12163.3	822034010
12189.5	855585876
12215.7	318714911
12241.9	318717517
12268.2	553598541
12294.4	653210717
12320.6	384777811
12346.8	820984410
12373	888092749
12399.2	352271940
12425.4	654258260
12451.6	587152963
12477.9	889142347
12504.1	889140805
12530.3	889140805
12556.5	384776789
12582.7	653210692
12608.9	653213251
12635.1	284113427
12661.4	822031900
12687.6	318717013
12713.8	620707349
12740	553594908
12766.2	553598018
12792.4	285162562
12818.6	854539858
12844.9	351222804
12871.1	586102812
12897.3	552547852
12923.5	654260290
12949.7	1292959548
12975.9	1562439476
13002.1	1378021168
13028.4	35716920
13054.6	1394016062
13080.8	1394016062
13107	1562705726
13133.2	1562701620
13159.4	1378156340
13185.6	184741692
13211.9	455405368
13238.1	1561390906
13264.3	1410658098
13290.5	1126629174
13316.7	436272952
13342.9	436272958
13369.1	353566526
13395.4	353562420
13421.6	1427439412
13447.8	354479924
13474	185003830
13500.2	1510272824
13526.4	1009053488
13552.6	805639935
13578.9	872751871
13605.1	872751871
13631.3	809698047
13657.5	809698031
13683.7	810689791
13709.9	943855343
13736.1	840704239
13762.3	1008338671
13788.6	877789935
13814.8	840566015
13841	4282132223
13867.2	50281510
13893.4	49232971
13919.6	117390411
13945.8	82784339
13972.1	653209603
13998.3	619655747
14024.5	653212251
14050.7	16726098
14076.9	117390339
14103.1	117387266
14129.3	654258178
14155.6	975630138
14181.8	1010967807
14208	910362351
14234.2	873150063
14260.4	840106223
14286.6	940778223
14312.8	944973055
14339.1	4281991423
14365.3	50280960
14391.5	49229842
14417.7	50278418
14443.9	552547931
14470.1	116341827
14496.3	49232922
14522.6	913256514
14548.8	16727640
14575	654259715
14601.2	654258754
14627.4	914305602
14653.6	913258011
14679.8	914306587
14706.1	82786888
14732.3	15677504
14758.5	15675995
14784.7	49232395
14810.9	847196754
14837.1	1479704368
14863.3	1479704376
14889.6	1510276920
14915.8	1510272822
14942	1375797046
14968.2	808480562
14994.4	944845423
15020.6	943719663
15046.8	844759791
15073	843252479
15099.3	807023231
15125.5	807023231
15151.7	1012413055
15177.9	1012413039
15204.1	872613631
15230.3	809698031
15256.5	1865822831
15282.8	1866223666
15309	4282253620
15335.2	4281602562
15361.4	4281615104
15387.6	2134131456
15413.8	1865957684
15440	2134393140
15466.3	1866203188
15492.5	4013578544
15518.7	1865417476
15544.9	1865554740
15571.1	2134659124
15597.3	2134640916
15623.5	2134642996
15649.8	2134642996
15676	1865681718
15702.2	2134117174
15728.4	1866092852
15754.6	1866205462
15780.8	1865945138
15807	1866225712
15833.3	2134248240
15859.5	2134790452
15885.7	2134771988
15911.9	2134771988
15938.1	1866072370
15964.3	2134507826
15990.5	1866094642
16016.8	1865961782
16043	1865947414
16069.2	1865566228
16095.4	2134268180
16121.6	2134769974
16147.8	2134528306
16174	2134528306
16200.3	1865566228
16226.5	2134001684
16252.7	1865832466
16278.9	1866338354
16305.1	1865961778
16331.3	1866336534
16357.5	2134001686
16383.8	2134001682
16410	2134268182
16436.2	2134268182
16462.4	1866340630
16488.6	2134776086
16514.8	1865947154
16541	1865437458
16567.2	1865828370
16593.5	1865941042
16619.7	2134645014
16645.9	2134378512
16672.1	2134134802
16698.3	2134134802
16724.5	1865832726
16750.7	2134268182
16777	1866072116
16803.2	1866209298
16829.4	1865568530
16855.6	1865552150
16881.8	2134006036
16908	2134776080
16934.2	2134771728
16960.5	2134771728
16986.7	1865809942
17012.9	2134245398
17039.1	1865439250
17065.3	1865947408
17091.5	1866205200
17117.7	1865564432
17144	2133852182
17170.2	2133852438
17196.4	2134132756
17222.6	2134132756
17248.8	1865568530
17275	2134003986
17301.2	1865547798
17327.5	1865809938
17353.7	1865439250
17379.9	1865828374
17406.1	2134130966
17432.3	2133983254
17458.5	2134251810
17484.7	2134251810
17511	1865439254
17537.2	2133874710
17563.4	1865695510
17589.6	1865551892
17615.8	1865812258
17642	1865814034
17668.2	2134001680
17694.5	2134130964
17720.7	2134245398
17746.9	2134245398
17773.1	1865551888
17799.3	2133987344
17825.5	1865699600
17851.7	1865699604
17877.9	1865699344
17904.2	1865681190
17930.4	2133983248
17956.6	2133870608
17982.8	2133874710
18009	2133874710
18035.2	1865816358
18061.4	2134251814
18087.7	1865816352
18113.9	1865683222
18140.1	1865828372
18166.3	1865826578
18192.5	2133872656
18218.7	2134120740
18244.9	2134251808
18271.2	2134251808
18297.4	1865554210
18323.6	2133989666
18349.8	1865419040
18376	1865685024
18402.2	1865680928
18428.4	1865422880
18454.7	2133854240
18480.9	2134114592
18507.1	2133856544
18533.3	2133856544
18559.5	1865682976
18585.7	2134118432
18611.9	1865678880
18638.2	1865678880
18664.4	1865420832
18690.6	1865416736
18716.8	2133852192
18743	2134120704
18769.2	2134120704
18795.4	2134120704
18821.7	1865685248
18847.9	2134120704
18874.1	1865681152
18900.3	1865681152
18926.5	1865681152
18952.7	1865681152
18978.9	2133858560
19005.1	2134116608
19031.4	2133858560
19057.6	2133858560
19083.8	1865423104
19110	2133858560
19136.2	1865423104
19162.4	1865423104
19188.6	1865423104
19214.9	1865423104
19241.1	2133854464
19267.3	2133858560
19293.5	2133854464
19319.7	2133854464
19345.9	1865419008
19372.1	2133854464
19398.4	1865423104
19424.6	1865419008
19450.8	1865419008
19477	1865419008
19503.2	2133854464
19529.4	2133854464
19555.6	2133854464
19581.9	2133854464
19608.1	1865419008
19634.3	2133854464
19660.5	1865419008
19686.7	1865419008
19712.9	1865419008
19739.1	1865419008
19765.4	2133854464
19791.6	2133854464
19817.8	2133854464
19844	2133854464
19870.2	1865419008
19896.4	2133854464
19922.6	1865419008
19948.9	1865419008
19975.1	1865419008
20001.3	1865419008
20027.5	2133854464
20053.7	2133854464
20079.9	2133854464
20106.1	2133854464
20132.4	1865419008
20158.6	2133854464
20184.8	1865419008
20211	1865419008
20237.2	1865419008
20263.4	1865419008
20289.6	2133854464
20315.8	2133854464
20342.1	2134120448
20368.3	2134120448
20394.5	1865419008
20420.7	2133854464
20446.9	1865419008
20473.1	1865419008
20499.3	1865684992
20525.6	1865684992
20551.8	2133854464
20578	2133854464
20604.2	2133854464
20630.4	2133854464
20656.6	1865419008
20682.8	2133854464
20709.1	1865419008
20735.3	1865419008
20761.5	1865419008
20787.7	1865419008
20813.9	2133854464
20840.1	2133854464
20866.3	2133854464
20892.6	2133854464
20918.8	1865419008
20945	2133854464
20971.2	1865419008
20997.4	1865419008
21023.6	1865419008
21049.8	1865419008
21076.1	2133854464
21102.3	2133854464
21128.5	2133854464
21154.7	2133854464
21180.9	1865419008
21207.1	2133854464
21233.3	1865419008
21259.6	1865419008
21285.8	1865419008
21312	1865419008
21338.2	2133854464
21364.4	2133854464
21390.6	2133854464
21416.8	2133854464
21443.1	1865419008
21469.3	2133854464
21495.5	1865419008
21521.7	1865419008
21547.9	1865419008
21574.1	1865419008
21600.3	4281340176
21626.5	4281618998
21652.8	4282009351
21679	4282009351
21705.2	4013707189
21731.4	2134658997
21757.6	4013443767
21783.8	4013709106
21810	1865552932
21836.3	1865554486
21862.5	2134644758
21888.7	2133999890
21914.9	2133987350
21941.1	2133987350
21967.3	1865685284
21993.5	2134120740
22019.8	1865554210
22046	1865419042
22072.2	1865680928
22098.4	1865422880
22124.6	2133854240
22150.8	2134118688
22177	2134114592
22203.3	2134114592
22229.5	1865421088
22255.7	2133856544
22281.9	1865416992
22308.1	1865682976
22334.3	1865678880
22360.5	1865420832
22386.8	2133852192
22413	2133852192
22439.2	2133852192
22465.4	2133852192
22491.6	1865685248
22517.8	2134120704
22544	1865681152
22570.3	1865681152
22596.5	1865681152
22622.7	1865423104
22648.9	2133858560
22675.1	2133858560
22701.3	2133858560
22727.5	2133858560
22753.8	1865423104
22780	2133858560
22806.2	1865423104
22832.4	1865423104
22858.6	1865419008
22884.8	1865419008
22911	2133854464
22937.2	2133854464
22963.5	2133854464
22989.7	2133854464
23015.9	1865419008
23042.1	2133854464
23068.3	1865419008
23094.5	1865419008
23120.7	1865419008
23147	1865419008
23173.2	2133854464
23199.4	2133854464
23225.6	2133854464
23251.8	2133854464
23278	1865684992
23304.2	2134120448
23330.5	1865423104
23356.7	4013162768
23382.9	1866335024
23409.1	1866094353
23435.3	2133983651
23461.5	2134007301
23487.7	2134400529
23514	2134400529
23540.2	1865554051
23566.4	4281473155
23592.6	4013442320
23618.8	1866095104
23645	1865552688
23671.2	1866074128
23697.5	2133872656
23723.7	2133989664
23749.9	2134120480
23776.1	2134120480
23802.3	1865422880
23828.5	2133858336
23854.7	1865418784
23881	1865683232
23907.2	1865679136
23933.4	1865421088
23959.6	2133852448
23985.8	2134118432
24012	2134114336
24038.2	2134114336
24064.5	1865420832
24090.7	2133856288
24116.9	1865416736
24143.1	1865685248
24169.3	1865685248
24195.5	1865685248
24221.7	2134116608
24247.9	2134116608
24274.2	2134116608
24300.4	2134116608
24326.6	1865423104
24352.8	2133858560
24379	1865681152
24405.2	1865423104
24431.4	1865423104
24457.7	1865423104
24483.9	2133858560
24510.1	2133858560
24536.3	2133858560
24562.5	2133858560
24588.7	1865423104
24614.9	2133858560
24641.2	1865419008
24667.4	1865419008
24693.6	1865419008
24719.8	1865419008
24746	2133854464
24772.2	2133854464
24798.4	2133854464
24824.7	2133854464
24850.9	1865419008
24877.1	2133854464
24903.3	1865419008
24929.5	1865419008
24955.7	1865419008
24981.9	1865419008
25008.2	2133854464
25034.4	2133854464
25060.6	2134120448
25086.8	2134120448
25113	1865684992
25139.2	2134120448
25165.4	1865684992
25191.7	1865423104
25217.9	4012902672
25244.1	82785796
25270.3	16725571
25296.5	654259282
25322.7	654259795
25348.9	654259795
25375.2	653212738
25401.4	16727106
25427.6	653211674
25453.8	284111443
25480	653210132
25506.2	914307651
25532.4	914308176
25558.6	310328400
25584.9	275724824
25611.1	376385601
25637.3	611267088
25663.5	577713177
25689.7	578761241
25715.9	545206281
25742.1	545207304
25768.4	545206296
25794.6	545206296
25820.8	545206296
25847	544157704
25873.2	544158737
25899.4	544158721
25925.6	544157713
25951.9	545206273
25978.1	545207312
26004.3	545207296
26030.5	545206288
26056.7	545206288
26082.9	545206288
26109.1	544157696
26135.4	7286784
26161.6	7287833
26187.8	7287833
26214	8336409
26240.2	8336409
26266.4	8336393
26292.6	8336393
26318.9	8336393
26345.1	8336393
26371.3	7287817
26397.5	7286809
26423.7	7286809
26449.9	7286809
26476.1	8335385
26502.4	8335385
26528.6	8335385
26554.8	8335385
26581	8335385
26607.2	8335385
26633.4	7286793
26659.6	7286793
26685.9	7286793
26712.1	7286793
26738.3	8335369
26764.5	8335369
26790.7	8335369
26816.9	8335369
26843.1	8335369
26869.3	8335369
26895.6	7286793
26921.8	7286793
26948	7286793
26974.2	7286793
27000.4	8336408
27026.6	8335369
27052.8	8335369
27079.1	8335369
27105.3	8335369
27131.5	8335369
27157.7	7286793
27183.9	7286793
27210.1	7286793
27236.3	7286793
27262.6	8335369
27288.8	8335369
27315	8335369
27341.2	8335369
27367.4	8335369
27393.6	8335369
27419.8	7286793
27446.1	7287832
27472.3	7286793
27498.5	7286793
27524.7	8336408
27550.9	8335369
27577.1	8335369
27603.3	8335369
27629.6	8335369
27655.8	8335369
27682	7286793
27708.2	7286793
27734.4	7286793
27760.6	7286793
27786.8	8335369
27813.1	8335369
27839.3	8335369
27865.5	8335369
27891.7	8335369
27917.9	8335369
27944.1	7286793
27970.3	7286793
27996.6	7286793
28022.8	7286793
28049	8335369
28075.2	8335369
28101.4	8335369
28127.6	8335369
28153.8	8335369
28180	8335369
28206.3	7287832
28232.5	7286793
28258.7	7286793
28284.9	7287832
28311.1	8336408
28337.3	8336408
28363.5	8335369
28389.8	8335369
28416	8335369
28442.2	8335369
28468.4	7286793
28494.6	7286793
28520.8	7286793
28547	7286793
28573.3	8335369
28599.5	8335369
28625.7	8335369
28651.9	8335369
28678.1	8335369
28704.3	8335369
28730.5	7286793
28756.8	7286793
28783	7286793
28809.2	7286793
28835.4	8335369
28861.6	8335369
28887.8	8335369
28914	8335369
28940.3	8335369
28966.5	8335369
28992.7	7286793
29018.9	7286793
29045.1	7286793
29071.3	7286793
29097.5	8336408
29123.8	8335369
29150	8335369
29176.2	8336408
29202.4	8335369
29228.6	8335369
29254.8	7286793
29281	7287832
29307.3	7286793
29333.5	7286793
29359.7	8335369
29385.9	8335369
29412.1	8335369
29438.3	8335369
29464.5	8335369
29490.8	8335369
29517	7286809
29543.2	7286793
29569.4	7286793
29595.6	7286793
29621.8	8335369
29648	8335369
29674.2	8335369
29700.5	8335369
29726.7	8335369
29752.9	8335369
29779.1	7286793
29805.3	7286793
29831.5	7286793
29857.7	7286793
29884	8335369
29910.2	8335369
29936.4	8335369
29962.6	8335369
29988.8	8336408
30015	8336408
30041.2	7286793
30067.5	7287832
30093.7	7286793
30119.9	7287832
30146.1	8336408
30172.3	8336408
30198.5	8335369
30224.7	8335369
30251	8335369
30277.2	8335369
30303.4	7286793
30329.6	7286793
30355.8	7286793
30382	7286793
30408.2	8335369
30434.5	8335385
30460.7	8335369
30486.9	8335369
30513.1	8335369
30539.3	8335369
30565.5	7286793
30591.7	7286793
30618	7286793
30644.2	7286793
30670.4	8335369
30696.6	8335369
30722.8	8335369
30749	8335369
30775.2	8335369
30801.4	8335369
30827.7	7286793
30853.9	7286793
30880.1	7286793
30906.3	7286793
30932.5	8335369
30958.7	8335369
30984.9	8336408
31011.2	8336408
31037.4	8335369
31063.6	8335369
31089.8	7286793
31116	7287832
31142.2	7286793
31168.4	7286793
31194.7	8335369
31220.9	8335369
31247.1	8335369
31273.3	8335369
31299.5	8335369
31325.7	8335369
31351.9	7286793
31378.2	7286793
31404.4	7286793
31430.6	7286793
31456.8	8335369
31483	8335369
31509.2	8335369
31535.4	8335369
31561.7	8335369
31587.9	8335369
31614.1	7286793
31640.3	7286793
31666.5	7286793
31692.7	7287832
31718.9	8336408
31745.2	8336408
31771.4	8336408
31797.6	8336408
31823.8	8336408
31850	8336408
31876.2	7287832
31902.4	7287832
31928.7	7287832
31954.9	7286793
31981.1	8336408
32007.3	8336408
32033.5	8336408
32059.7	8336408
32085.9	8336408
32112.1	8336408
32138.4	7287832
32164.6	7287832
32190.8	7286793
32217	7286793
32243.2	8336408
32269.4	8335369
32295.6	8335369
32321.9	8335369
32348.1	8335369
32374.3	8335369
32400.5	7286793
32426.7	7286793
32452.9	7286793
32479.1	7286793
32505.4	8335369
32531.6	8335369
32557.8	8335369
32584	8335369
32610.2	8335369
32636.4	8335369
32662.6	7286793
32688.9	7286793
32715.1	7286793
32741.3	7287832
32767.5	8335369
32793.7	8335369
32819.9	8335369
32846.1	8335369
32872.4	8335369
32898.6	8335369
32924.8	7286793
32951	7286793
32977.2	7286793
33003.4	7286793
33029.6	8335369
33055.9	8335369
33082.1	8336408
33108.3	8335369
33134.5	8335369
33160.7	8335369
33186.9	7287832
33213.1	7286793
33239.4	7286793
33265.6	7286793
33291.8	8335369
33318	8335369
33344.2	8335369
33370.4	8335369
33396.6	8335369
33422.8	8335369
33449.1	7286793
33475.3	7286793
33501.5	7286793
33527.7	7286793
33553.9	8335369
33580.1	8335369
33606.3	8335369
33632.6	8335369
33658.8	8335369
33685	8335369
33711.2	7286793
33737.4	7286793
33763.6	7286793
33789.8	7286793
33816.1	8335369
33842.3	8335369
33868.5	8335369
33894.7	8335369
33920.9	8335369
33947.1	8335369
33973.3	7286793
33999.6	7287832
34025.8	7286793
34052	7287832
34078.2	8336408
34104.4	8335369
34130.6	8335369
34156.8	8336408
34183.1	8335369
34209.3	8335369
34235.5	7286793
34261.7	7286793
34287.9	7286793
34314.1	7286793
34340.3	8335369
34366.6	8335369
34392.8	8335369
34419	8335369
34445.2	8335385
34471.4	8335385
34497.6	7286793
34523.8	7286793
34550.1	7286793
34576.3	7286793
34602.5	8335369
34628.7	8335369
34654.9	8335369
34681.1	8335369
34707.3	8335369
34733.5	8335369
34759.8	7286793
34786	7286793
34812.2	7286793
34838.4	7286793
34864.6	8335369
34890.8	8335369
34917	8335369
34943.3	8336408
34969.5	8335369
34995.7	8335369
35021.9	7286793
35048.1	7287832
35074.3	7287832
35100.5	7287832
35126.8	8335369
35153	8335369
35179.2	8335369
35205.4	8335369
35231.6	8335369
35257.8	8335369
35284	7286793
35310.3	7286793
35336.5	7286793
35362.7	7286793
35388.9	8335369
35415.1	8335369
35441.3	8335369
35467.5	8335369
35493.8	8335369
35520	8335369
35546.2	7286793
35572.4	7286793
35598.6	7286793
35624.8	7286793
35651	8335369
35677.3	8335369
35703.5	8335369
35729.7	8335369
35755.9	8335369
35782.1	8335369
35808.3	7286793
35834.5	7287832
35860.8	7286793
35887	7286793
35913.2	8335369
35939.4	8336408
35965.6	8335369
35991.8	8335369
36018	8335369
36044.2	8335369
36070.5	7286793
36096.7	7286793
36122.9	7286793
36149.1	7286793
36175.3	8335369
36201.5	8335369
36227.7	8335369
36254	8335369
36280.2	8335369
36306.4	8335369
36332.6	7286793
36358.8	7286793
36385	7286793
36411.2	7286793
36437.5	8335369
36463.7	8335369
36489.9	8335369
36516.1	8335369
36542.3	8335369
36568.5	8335369
36594.7	7286793
36621	7286793
36647.2	7286793
36673.4	7286793
36699.6	8336408
36725.8	8335369
36752	8335369
36778.2	8336408
36804.5	8336408
36830.7	8336408
36856.9	7286793
36883.1	7286793
36909.3	7286793
36935.5	7286793
36961.7	8335369
36988	8335369
37014.2	8335369
37040.4	8335369
37066.6	8335369
37092.8	8335369
37119	7286793
37145.2	7286793
37171.5	7286793
37197.7	7286793
37223.9	8335369
37250.1	8335369
37276.3	8335369
37302.5	8335369
37328.7	8335369
37354.9	8335369
37381.2	7286793
37407.4	7287832
37433.6	7286793
37459.8	7287832
37486	8335369
37512.2	8336408
37538.4	8335369
37564.7	8336408
37590.9	8335369
37617.1	8335369
37643.3	7286793
37669.5	7286793
37695.7	7286793
37721.9	7286793
37748.2	8335369
37774.4	8335385
37800.6	8335385
37826.8	8335385
37853	8335385
37879.2	8335385
37905.4	7286809
37931.7	7286809
37957.9	7286809
37984.1	7286793
38010.3	8335369
38036.5	8335369
38062.7	8335369
38088.9	8335369
38115.2	8335369
38141.4	8335369
38167.6	7286793
38193.8	7286793
38220	7286793
38246.2	7286793
38272.4	8335369
38298.7	8335369
38324.9	8335369
38351.1	8335369
38377.3	8336408
38403.5	8336408
38429.7	7286793
38455.9	7287832
38482.2	7286793
38508.4	7287832
38534.6	8336408
38560.8	8336408
38587	8335369
38613.2	8335369
38639.4	8335369
38665.7	8335369
38691.9	7286793
38718.1	7286793
38744.3	7286793
38770.5	7286793
38796.7	8335369
38822.9	8335385
38849.1	8335369
38875.4	8335385
38901.6	8335369
38927.8	8335369
38954	7286793
38980.2	7286793
39006.4	7286793
39032.6	7286793
39058.9	8335369
39085.1	8335369
39111.3	8335369
39137.5	8335369
39163.7	8335369
39189.9	8335369
39216.1	7286793
39242.4	7286793
39268.6	7286793
39294.8	7286793
39321	8336408
39347.2	8335369
39373.4	8336408
39399.6	8336408
39425.9	8336408
39452.1	8336408
39478.3	7287832
39504.5	7287832
39530.7	7286793
39556.9	7286793
39583.1	8336408
39609.4	8335369
39635.6	8335369
39661.8	8335369
39688	8335369
39714.2	8335369
39740.4	8335369
39766.6	8335369
39792.9	8335369
39819.1	8335369
39845.3	7286793
39871.5	7286793
39897.7	7286793
39923.9	7286793
39950.1	8335369
39976.3	8335369
40002.6	8335369
40028.8	8335369
40055	8335369
40081.2	8335369
40107.4	7286793
40133.6	7286793
40159.8	7286793
40186.1	7286793
40212.3	8335369
40238.5	8335369
40264.7	8335369
40290.9	8335369
40317.1	8335369
40343.3	8335369
40369.6	7286793
40395.8	7287832
40422	7286793
40448.2	7286793
40474.4	8336408
40500.6	8335369
40526.8	8336408
40553.1	8335369
40579.3	8335369
40605.5	8335369
40631.7	7286793
40657.9	7286793
40684.1	7286793
40710.3	7286793
40736.6	8335369
40762.8	8335369
40789	8335369
40815.2	8335369
40841.4	8335369
40867.6	8335369
40893.8	7286793
40920.1	7286793
40946.3	7286793
40972.5	7286793
40998.7	8335369
41024.9	8335369
41051.1	8335369
41077.3	8335369
41103.6	8336408
41129.8	8336408
41156	7286793
41182.2	7286793
41208.4	7286793
41234.6	7286793
41260.8	8336408
41287	8335369
41313.3	8335369
41339.5	8335369
41365.7	8335369
41391.9	8335369
41418.1	7286793
41444.3	7286793
41470.5	7286793
41496.8	7286793
41523	8335369
41549.2	8335369
41575.4	8335369
41601.6	8335369
41627.8	8335369
41654	8335369
41680.3	7286793
41706.5	7286793
41732.7	7286793
41758.9	7286793
41785.1	8335369
41811.3	8335369
41837.5	8335369
41863.8	8336408
41890	8335369
41916.2	8335369
41942.4	7287832
41968.6	7287832
41994.8	7286793
42021	7286793
42047.3	8335369
42073.5	8335369
42099.7	8335369
42125.9	8335369
42152.1	8335369
42178.3	8335369
42204.5	7286793
42230.8	7286793
42257	7286793
42283.2	7286793
42309.4	8335369
42335.6	8335369
42361.8	8335369
42388	8335369
42414.3	8335369
42440.5	8335369
42466.7	7286793
42492.9	7286793
42519.1	7286793
42545.3	7287832
42571.5	8335369
42597.8	8336408
42624	8336408
42650.2	8336408
42676.4	8336408
42702.6	8336408
42728.8	7286793
42755	7286793
42781.2	7286793
42807.5	7286793
42833.7	8335369
42859.9	8335369
42886.1	8335369
42912.3	8335369
42938.5	8335369
42964.7	8335369
42991	7286793
43017.2	7286793
43043.4	7286793
43069.6	7286793
43095.8	8335369
43122	8335369
43148.2	8335369
43174.5	8335369
43200.7	8335369
43226.9	8335369
43253.1	7286793
43279.3	7286793
43305.5	7287832
43331.7	7287832
43358	8336408
43384.2	8336408
43410.4	8336408
43436.6	8336408
43462.8	8335369
43489	8335369
43515.2	7286793
43541.5	7287832
43567.7	7286793
43593.9	7286793
43620.1	8335369
43646.3	8335369
43672.5	8335369
43698.7	8335369
43725	8335369
43751.2	8335369
43777.4	7286793
43803.6	7286793
43829.8	7286793
43856	7286793
43882.2	8335369
43908.4	8335369
43934.7	8335369
43960.9	8335369
43987.1	8335369
44013.3	8335369
44039.5	7286793
44065.7	7286793
44091.9	7286793
44118.2	7287832
44144.4	8336408
44170.6	8336408
44196.8	8335369
44223	8336408
44249.2	8336408
44275.4	8336408
44301.7	7287832
44327.9	7286793
44354.1	7286793
44380.3	7286793
44406.5	8335369
44432.7	8335369
44458.9	8335369
44485.2	8335369
44511.4	8335369
44537.6	8335369
44563.8	7286793
44590	7286793
44616.2	7286793
44642.4	7286793
44668.7	8335369
44694.9	8335369
44721.1	8335369
44747.3	8335369
44773.5	8335369
44799.7	8335369
44825.9	7286793
44852.2	7286793
44878.4	7287832
44904.6	7286793
44930.8	8335369
44957	8336408
44983.2	8335369
45009.4	8336408
45035.7	8335369
45061.9	8335369
45088.1	7286793
45114.3	7286793
45140.5	7286793
45166.7	7286793
45192.9	8335369
45219.1	8335369
45245.4	8335369
45271.6	8335369
45297.8	8335385
45324	8335385
45350.2	7286809
45376.4	7286793
45402.6	7286793
45428.9	7286793
45455.1	8335369
45481.3	8335369
45507.5	8335369
45533.7	8335369
45559.9	8335369
45586.1	8335369
45612.4	7286793
45638.6	7286793
45664.8	7286793
45691	7286793
45717.2	8336408
45743.4	8335369
45769.6	8335369
45795.9	8336408
45822.1	8336408
45848.3	8336408
45874.5	7286793
45900.7	7286793
45926.9	7286793
45953.1	7286793
45979.4	8335369
46005.6	8335369
46031.8	8335369
46058	8335369
46084.2	8335369
46110.4	8335369
46136.6	7286793
46162.9	7286793
46189.1	7286793
46215.3	7286793
46241.5	8335369
46267.7	8335369
46293.9	8335369
46320.1	8335369
46346.4	8335369
46372.6	8335369
46398.8	7286793
46425	7286793
46451.2	7286793
46477.4	7286793
46503.6	8335369
46529.8	8335369
46556.1	8335369
46582.3	8335369
46608.5	8335369
46634.7	8335369
46660.9	7287832
46687.1	7286793
46713.3	7286793
46739.6	7286793
46765.8	8336408
46792	8335369
46818.2	8335369
46844.4	8335369
46870.6	8335369
46896.8	8335369
46923.1	7286793
46949.3	7286793
46975.5	7286793
47001.7	7286793
47027.9	8335369
47054.1	8335369
47080.3	8335369
47106.6	8335369
47132.8	8335369
47159	8335369
47185.2	7286793
47211.4	7286793
47237.6	7286793
47263.8	7286793
47290.1	8335369
47316.3	8335369
47342.5	8335369
47368.7	8335369
47394.9	8336408
47421.1	8336408
47447.3	7286793
47473.6	7287832
47499.8	7287832
47526	7287832
47552.2	8335369
47578.4	8335369
47604.6	8335369
47630.8	8335369
47657.1	8335369
47683.3	8335369
47709.5	7286793
47735.7	7286793
47761.9	7286793
47788.1	7286793
47814.3	8335369
47840.5	8335369
47866.8	8335369
47893	8335369
47919.2	8335369
47945.4	8335369
47971.6	7286793
47997.8	7286793
48024	7286793
48050.3	7286793
48076.5	8335369
48102.7	8335369
48128.9	8335369
48155.1	8335369
48181.3	8335369
48207.5	8335369
48233.8	7286793
48260	7286793
48286.2	7286793
48312.4	7286793
48338.6	8336408
48364.8	8336408
48391	8336408
48417.3	8336408
48443.5	8336408
48469.7	8336408
48495.9	7287832
48522.1	7287832
48548.3	7287832
48574.5	7287832
48600.8	8335369
48627	8335369
48653.2	8336408
48679.4	8336408
48705.6	8336408
48731.8	8336408
48758	7287832
48784.3	7286793
48810.5	7286793
48836.7	7286793
48862.9	8335369
48889.1	8335369
48915.3	8335369
48941.5	8335369
48967.8	8335369
48994	8335369
49020.2	7286793
49046.4	7286793
49072.6	7286793
49098.8	7286793
49125	8335369
49151.2	8335369
49177.5	8335369
49203.7	8336408
49229.9	8335369
49256.1	8335369
49282.3	7287832
49308.5	7287832
49334.7	7287832
49361	7286793
49387.2	7286793
49413.4	7286793
49439.6	8335369
49465.8	8335369
49492	8335369
49518.2	8335369
49544.5	7286793
49570.7	7286793
49596.9	7286793
49623.1	7286793
49649.3	7286793
49675.5	7286793
49701.7	8335369
49728	8335369
49754.2	8335369
49780.4	8335369
49806.6	7286793
49832.8	7286793
49859	7286793
49885.2	7286793
49911.5	7286793
49937.7	7286793
49963.9	8335369
49990.1	8336408
50016.3	8335369
50042.5	8335369
50068.7	7286793
50095	7286793
50121.2	7286793
50147.4	7287832
50173.6	7286793
50199.8	7286793
50226	8335369
50252.2	8335369
50278.5	8335369
50304.7	8335369
50330.9	7286793
50357.1	7286793
50383.3	7286793
50409.5	7286793
50435.7	7286793
50461.9	7286793
50488.2	8335369
50514.4	8335369
50540.6	8335369
50566.8	8335369
50593	7286793
50619.2	7286793
50645.4	7286793
50671.7	7287832
50697.9	7286793
50724.1	7286793
50750.3	8335369
50776.5	8335369
50802.7	8335369
50828.9	8335369
50855.2	7286793
50881.4	7286793
50907.6	7286793
50933.8	7286793
50960	7286793
50986.2	7286793
51012.4	8335369
51038.7	8335369
51064.9	8336408
51091.1	8336408
51117.3	7286793
51143.5	7286793
51169.7	7286793
51195.9	7286793
51222.2	7286793
51248.4	7286793
51274.6	8335369
51300.8	8335369
51327	8335369
51353.2	8335369
51379.4	7287832
51405.7	7286793
51431.9	7286793
51458.1	7286793
51484.3	7286793
51510.5	7286793
51536.7	8335369
51562.9	8335369
51589.2	8335369
51615.4	8335369
51641.6	7286793
51667.8	7286793
51694	7286793
51720.2	7286793
51746.4	7286793
51772.6	7286793
51798.9	8336408
51825.1	8335369
51851.3	8335369
51877.5	8335369
51903.7	7286793
51929.9	7287832
51956.1	7286793
51982.4	7286793
52008.6	7286793
52034.8	7286793
52061	8335369
52087.2	8335369
52113.4	8335369
52139.6	8335369
52165.9	7286793
52192.1	7286793
52218.3	7286793
52244.5	7286793
52270.7	7286793
52296.9	7286793
52323.1	8335369
52349.4	8335369
52375.6	8335369
52401.8	8335369
52428	7286793
52454.2	7286793
52480.4	7286793
52506.6	7286793
52532.9	7287832
52559.1	7287832
52585.3	8335369
52611.5	8336408
52637.7	8336408
52663.9	8336408
52690.1	7287832
52716.4	7287832
52742.6	7286793
52768.8	7286793
52795	7286793
52821.2	7286793
52847.4	8335369
52873.6	8335369
52899.9	8335369
52926.1	8335369
52952.3	7286793
52978.5	7286793
53004.7	7286793
53030.9	7286793
53057.1	7286793
53083.3	7286793
53109.6	8335369
53135.8	8335369
53162	8335369
53188.2	8335369
53214.4	7286793
53240.6	7286793
53266.8	7286793
53293.1	7286793
53319.3	7286793
53345.5	7286793
53371.7	8335369
53397.9	8336408
53424.1	8335369
53450.3	8335369
53476.6	7287832
53502.8	7287832
53529	7286793
53555.2	7286793
53581.4	7286793
53607.6	7286793
53633.8	8335369
53660.1	8335369
53686.3	8335369
53712.5	8335369
53738.7	7286793
53764.9	7286793
53791.1	7286793
53817.3	7286793
53843.6	7286793
53869.8	7286793
53896	8335369
53922.2	8335369
53948.4	8335369
53974.6	8335369
54000.8	7286793
54027.1	7286793
54053.3	7286793
54079.5	7286793
54105.7	7286793
54131.9	7286793
54158.1	8336408
54184.3	8336408
54210.6	8336408
54236.8	8336408
54263	7287832
54289.2	7287832
54315.4	7287832
54341.6	7287832
54367.8	7287832
54394	7286793
54420.3	8335369
54446.5	8336408
54472.7	8336408
54498.9	8336408
54525.1	7287832
54551.3	7286793
54577.5	7286793
54603.8	7286793
54630	7286793
54656.2	7286793
54682.4	8335369
54708.6	8335369
54734.8	8335369
54761	8335369
54787.3	7286793
54813.5	7286793
54839.7	7286793
54865.9	7286793
54892.1	7286793
54918.3	7286793
54944.5	8335369
54970.8	8335369
54997	8335369
55023.2	8335369
55049.4	7286793
55075.6	7286793
55101.8	7287832
55128	7287832
55154.3	7287832
55180.5	7286793
55206.7	8336408
55232.9	8336408
55259.1	8336408
55285.3	8336408
55311.5	7286793
55337.8	7286793
55364	7286793
55390.2	7287832
55416.4	7286793
55442.6	7286793
55468.8	8335369
55495	8335369
55521.3	8335369
55547.5	8335369
55573.7	7286793
55599.9	7286793
55626.1	7286793
55652.3	7286793
55678.5	7286793
55704.8	7286793
55731	8335369
55757.2	8335369
55783.4	8335369
55809.6	8335369
55835.8	7286793
55862	7286793
55888.2	7286793
55914.5	7286793
55940.7	7287832
55966.9	7286793
55993.1	8336408
56019.3	8336408
56045.5	8336408
56071.7	8336408
56098	7286793
56124.2	7286793
56150.4	7286793
56176.6	7286793
56202.8	7286793
56229	7286793
56255.2	8335369
56281.5	8335369
56307.7	8335369
56333.9	8335369
56360.1	7286793
56386.3	7286793
56412.5	7286793
56438.7	7286793
56465	7286793
56491.2	7286793
56517.4	8335369
56543.6	8335369
56569.8	8335369
56596	8335369
56622.2	7286793
56648.5	7287832
56674.7	7287832
56700.9	7287832
56727.1	7286793
56753.3	7287832
56779.5	8336408
56805.7	8336408
56832	8335369
56858.2	8335369
56884.4	7286793
56910.6	7286793
56936.8	7286793
56963	7287832
56989.2	7287832
57015.4	7286793
57041.7	8335369
57067.9	8335369
57094.1	8335369
57120.3	8335369
57146.5	7286793
57172.7	7286793
57198.9	7286793
57225.2	7286793
57251.4	7286793
57277.6	7286793
57303.8	8335369
57330	8335369
57356.2	8335369
57382.4	8335369
57408.7	7286793
57434.9	7286793
57461.1	7286793
57487.3	7286793
57513.5	7287832
57539.7	7286793
57565.9	8335369
57592.2	8336408
57618.4	8335369
57644.6	8335369
57670.8	7287832
57697	7287832
57723.2	7286793
57749.4	7286793
57775.7	7286793
57801.9	7286793
57828.1	8335369
57854.3	8335369
57880.5	8335369
57906.7	8335369
57932.9	7286793
57959.2	7286793
57985.4	7286809
58011.6	7286793
58037.8	7286793
58064	7286793
58090.2	8335369
58116.4	8335369
58142.7	8335369
58168.9	8335369
58195.1	7286793
58221.3	7286793
58247.5	7286793
58273.7	7286793
58299.9	7286793
58326.1	7286793
58352.4	8335369
58378.6	8336408
58404.8	8335369
58431	8335369
58457.2	7286793
58483.4	7286793
58509.6	7287832
58535.9	7287832
58562.1	7287832
58588.3	7286793
58614.5	8335369
58640.7	8335369
58666.9	8335369
58693.1	8335369
58719.4	7286793
58745.6	7286793
58771.8	7286793
58798	7286793
58824.2	7286793
58850.4	7286793
58876.6	8335369
58902.9	8335369
58929.1	8335369
58955.3	8335369
58981.5	7286793
59007.7	7286793
59033.9	7286793
59060.1	7286793
59086.4	7286793
59112.6	7286793
59138.8	8335369
59165	8336408
59191.2	8336408
59217.4	8336408
59243.6	7287832
59269.9	7287832
59296.1	7287832
59322.3	7286793
59348.5	7287832
59374.7	7286793
59400.9	8336408
59427.1	8336408
59453.4	8336408
59479.6	8336408
59505.8	7286793
59532	7286793
59558.2	7286793
59584.4	7286793
59610.6	7286793
59636.8	7286793
59663.1	8335369
59689.3	8335369
59715.5	8335369
59741.7	8335369
59767.9	7286793
59794.1	7286793
59820.3	7286793
59846.6	7286793
59872.8	7286793
59899	7286793
59925.2	8335369
59951.4	8335369
59977.6	8335369
60003.8	8335369
60030.1	7286793
60056.3	7286793
60082.5	7286793
60108.7	7287832
60134.9	7287832
60161.1	7287832
60187.3	8336408
60213.6	8336408
60239.8	8336408
60266	8336408
60292.2	7287832
60318.4	7287832
60344.6	7287832
60370.8	7287832
60397.1	7286793
60423.3	7287832
60449.5	8336408
60475.7	8336408
60501.9	8335369
60528.1	8335369
60554.3	7286793
60580.6	7287832
60606.8	7286793
60633	7287832
60659.2	7286793
60685.4	7286793
60711.6	8335369
60737.8	8335369
60764.1	8335369
60790.3	8335369
60816.5	7286793
60842.7	7286793
60868.9	7286793
60895.1	7286793
60921.3	7286793
60947.5	7286793
60973.8	8335369
61000	8335369
61026.2	8335369
61052.4	8335369
61078.6	7286793
61104.8	7286793
61131	7286793
61157.3	7286793
61183.5	7286793
61209.7	7286793
61235.9	8335369
61262.1	8335369
61288.3	8335369
61314.5	8335369
61340.8	7286793
61367	7286793
61393.2	7286793
61419.4	7286793
61445.6	7286793
61471.8	7287832
61498	8336408
61524.3	8335369
61550.5	8336408
61576.7	8336408
61602.9	7287832
61629.1	7287832
61655.3	7286793
61681.5	7287832
61707.8	7286793
61734	7286793
61760.2	8335369
61786.4	8335369
61812.6	8335369
61838.8	8335369
61865	7286793
61891.3	7286793
61917.5	7286793
61943.7	7286793
61969.9	7286793
61996.1	7286793
62022.3	8335369
62048.5	8335369
62074.8	8335369
62101	8335369
62127.2	7286793
62153.4	7286793
62179.6	7286793
62205.8	7286793
62232	7287832
62258.2	7286793
62284.5	8335369
62310.7	8335369
62336.9	8335369
62363.1	8335369
62389.3	7286793
62415.5	7286793
62441.7	7286793
62468	7286793
62494.2	7286793
62520.4	7286793
62546.6	8335369
62572.8	8335369
62599	8335369
62625.2	8335369
62651.5	7286793
62677.7	7286793
62703.9	7286793
62730.1	7287832
62756.3	7287832
62782.5	7286793
62808.7	8336408
62835	8336408
62861.2	8335369
62887.4	8335369
62913.6	7287832
62939.8	7286793
62966	7287832
62992.2	7286793
63018.5	7286793
63044.7	7286793
63070.9	8335369
63097.1	8335369
63123.3	8335369
63149.5	8335369
63175.7	7286793
63202	7286809
63228.2	7286809
63254.4	7286809
63280.6	7286793
63306.8	7286793
63333	8335369
63359.2	8335369
63385.5	8335369
63411.7	8335369
63437.9	7286793
63464.1	7286793
63490.3	7286793
63516.5	7286793
63542.7	7286793
63568.9	7286793
63595.2	8335369
63621.4	8335369
63647.6	8335369
63673.8	8335369
63700	7286793
63726.2	7286793
63752.4	7286793
63778.7	7287832
63804.9	7286793
63831.1	7286793
63857.3	8336408
63883.5	8336408
63909.7	8336408
63935.9	8336408
63962.2	7286793
63988.4	7287832
64014.6	7286793
64040.8	7286793
64067	7286793
64093.2	7286793
64119.4	8335369
64145.7	8335369
64171.9	8335369
64198.1	8335369
64224.3	7286793
64250.5	7286793
64276.7	7286793
64302.9	7286793
64329.2	7286793
64355.4	7286793
64381.6	8335369
64407.8	8335369
64434	8335369
64460.2	8335369
64486.4	7286793
64512.7	7286793
64538.9	7286793
64565.1	7286793
64591.3	7287832
64617.5	7286793
64643.7	8335369
64669.9	8335369
64696.2	8335369
64722.4	8335369
64748.6	7286793
64774.8	7287832
64801	7286793
64827.2	7286793
64853.4	7286793
64879.6	7286793
64905.9	8335369
64932.1	8335369
64958.3	8335369
64984.5	8335369
65010.7	7286793
65036.9	7286793
65063.1	7286793
65089.4	7286793
65115.6	7286793
65141.8	7286793
65168	8335369
65194.2	8335369
65220.4	8336408
65246.6	8336408
65272.9	7286793
65299.1	7286793
65325.3	7286793
65351.5	7286793
65377.7	1991651337
65403.9	3066232835
65430.1	135180
65456.4	2
65482.6	1
65508.8	69328
