0	1008538879
26.214	807300463
52.428	845048687
78.642	944731375
104.856	973934831
131.07	807285487
157.284	807308159
183.498	807308159
209.712	1011772783
235.926	811555055
262.14	839849215
288.354	978596607
314.568	978596607
340.782	977734911
366.996	1011511151
393.21	1007577967
419.424	973836543
445.638	805712127
471.852	805712127
498.066	978786175
524.28	1041328495
550.494	1012558703
576.708	979334911
602.922	1041044223
629.136	1041044223
655.35	840904959
681.564	1007587183
707.778	874147695
733.992	978284287
760.206	1041044735
786.42	1041044719
812.634	806465775
838.848	872975087
865.062	973827439
891.276	1012821375
917.49	1040814847
943.704	1040814847
969.918	1040463615
996.132	906532719
1022.35	877555567
1048.56	1008365439
1074.77	979334911
1100.99	979334911
1127.2	1042092799
1153.42	874033391
1179.63	844074863
1205.84	874147711
1232.06	872990975
1258.27	872990975
1284.49	1041044735
1310.7	978794223
1336.91	840600815
1363.13	839739775
1389.34	940534655
1415.56	940534655
1441.77	843363071
1467.98	973419247
1494.2	1040946031
1520.41	944269695
1546.63	911895935
1572.84	911895935
1599.05	1046378239
1625.27	939799791
1651.48	943981935
1677.7	810985855
1703.91	941583743
1730.12	941583743
1756.34	873527935
1782.55	1012732143
1808.77	811479279
1834.98	805349631
1861.19	974088575
1887.41	974088575
1913.62	844066175
1939.84	1007260911
1966.05	939865327
1992.26	978498431
2018.48	1011641215
2044.69	1011641215
2070.91	805955967
2097.12	974091503
2123.33	977547503
2149.55	878118271
2175.76	941009791
2201.98	941009791
2228.19	944598911
2254.4	805886063
2280.62	908006639
2306.83	845035263
2333.05	844508415
2359.26	844508415
2385.47	940534143
2411.69	810511727
2437.9	843231983
2464.12	940913919
2490.33	843449343
2516.54	843449343
2542.76	877555071
2568.97	1012559727
2595.19	944731887
2621.4	1044788463
2647.61	944940415
2673.83	941076351
2700.04	839739775
2726.26	839739759
2752.47	940525679
2778.68	977547503
2804.9	811545327
2831.11	844340479
2857.33	811364223
2883.54	811364207
2909.75	973959023
2935.97	977449199
2962.18	844574975
2988.4	844574975
3014.61	907654015
3040.82	1008364399
3067.04	944728943
3093.25	873362175
3119.47	1040463103
3145.68	1040463103
3171.89	844726655
3198.11	1012313455
3224.32	810511215
3250.54	978219519
3276.75	805712127
3302.96	805712127
3329.18	1008382719
3355.39	974073071
3381.61	839609711
3407.82	805955967
3434.03	809547519
3460.25	809547519
3486.46	840020223
3512.68	978191343
3538.89	906914671
3565.1	805955967
3591.32	1012561151
3617.53	1012561151
3643.75	877704447
3669.96	840476015
3696.17	910773615
3722.39	944729471
3748.6	974017023
3774.82	974017023
3801.03	973123839
3827.24	974075631
3853.46	1041870575
3879.67	1041788799
3905.89	805956479
3932.1	805956479
3958.31	973254911
3984.53	974927087
4010.74	1040745967
4036.96	906914671
4063.17	978152303
4089.38	1008039679
4115.6	1008039679
4141.81	1044656367
4168.03	977446255
4194.24	1011265407
4220.45	978283903
4246.67	978283903
4272.88	810964991
4299.1	977549039
4325.31	1007629039
4351.52	979085567
4377.74	978282879
4403.95	978282879
4430.17	1012821887
4456.38	809545967
4482.59	945108207
4508.81	906330623
4535.02	844786047
4561.24	844786047
4587.45	912026495
4613.66	807302895
4639.88	911389423
4666.09	809805183
4692.31	945720191
4718.52	945720191
4744.73	1046375295
4770.95	844527599
4797.16	843460847
4823.38	843744127
4849.59	940092159
4875.8	940092159
4902.02	906783103
4928.23	1045327727
4954.45	809545967
4980.66	1007433455
5006.87	1040482799
5033.09	910256511
5059.3	877554047
5085.52	877554031
5111.73	807170799
5137.94	1012053231
5164.16	911450991
5190.37	872501119
5216.59	906915711
5242.8	906915695
5269.01	944658415
5295.23	839037679
5321.44	840368495
5347.66	911978239
5373.87	1046375295
5400.08	1046375279
5426.3	975071599
5452.51	977450223
5478.73	843755775
5504.94	843755775
5531.15	1012565503
5557.37	944401775
5583.58	1011771759
5609.8	906248575
5636.01	1044656895
5662.22	1044656895
5688.44	840312191
5714.65	1011780463
5740.87	4282149231
5767.08	4282127975
5793.29	4282008626
5819.51	2134524978
5845.72	4013709959
5871.94	1865963688
5898.15	2134776943
5924.36	4281998447
5950.58	4282260368
5976.79	4282260368
6003.01	4012906932
6029.22	1865548965
6055.43	1866091629
6081.65	4013563501
6107.86	4282123636
6134.08	2134790834
6160.29	1865682341
6186.5	1865682341
6212.72	1865680969
6238.93	4013559405
6265.15	4282144611
6291.36	2134253334
6317.57	1866091523
6343.79	4013575171
6370	1865417370
6396.22	1866075759
6422.43	4281358187
6448.64	4282141074
6474.86	4013689908
6501.07	4013689908
6527.29	1836006051
6553.5	1869560325
6579.71	1929328654
6605.93	2969516569
6632.14	2968468048
6658.36	2809084496
6684.57	2372876304
6710.78	1769946182
6737	845774642
6763.21	975127551
6789.43	872820975
6815.64	910198127
6841.85	1040358655
6868.07	810314623
6894.28	810314623
6920.5	979258239
6946.71	943896303
6972.92	806302959
6999.14	1046062079
7025.35	839674239
7051.57	839674239
7077.78	843999615
7103.99	872499055
7130.21	1041281775
7156.42	1045472639
7182.64	805390719
7208.85	805390719
7235.06	978807679
7261.28	811418607
7287.49	806761199
7313.71	1044644735
7339.92	843291903
7366.13	843291903
7392.35	1041721727
7418.56	1012813167
7444.78	843231983
7470.99	839857391
7497.2	877826543
7523.42	1012615551
7549.63	877881727
7575.85	877881711
7602.06	974210415
7628.27	1011167983
7654.49	939627887
7680.7	873548159
7706.92	1007905151
7733.13	1007905135
7759.34	978739695
7785.56	1007039215
7811.77	844039023
7837.99	843819775
7864.2	843819775
7890.41	973630831
7916.63	940538607
7942.84	1044559103
7969.06	1012138367
7995.27	1012138367
8021.48	907187199
8047.7	810446703
8073.91	910519151
8100.13	873033983
8126.34	910407423
8152.55	910407423
8178.77	943888255
8204.98	975081327
8231.2	1041722223
8257.41	944600447
8283.62	945108223
8309.84	945108223
8336.05	906142079
8362.27	876649711
8388.48	1044867951
8414.69	940538111
8440.91	877966079
8467.12	877966079
8493.34	872874367
8519.55	979081199
8545.76	1012165487
8571.98	978612079
8598.19	1008709871
8624.41	940979455
8650.62	1008145279
8676.83	1008145263
8703.05	979340655
8729.26	1008103279
8755.48	1011237871
8781.69	805777663
8807.9	1007257471
8834.12	1007257455
8860.33	843296495
8886.55	940796783
8912.76	809990911
8938.97	939635455
8965.19	939635455
8991.4	973996911
9017.62	810259439
9043.83	944861055
9070.04	907438463
9096.26	907438463
9122.47	1008645887
9148.69	872887535
9174.9	910274927
9201.11	1044810111
9227.33	878145407
9253.54	878145407
9279.76	906774527
9305.97	1007857903
9332.18	1008437103
9358.4	844999935
9384.61	1010919807
9410.83	1010919807
9437.04	975067903
9463.25	911323375
9489.47	840278895
9515.68	878295039
9541.9	978413951
9568.11	978413951
9594.32	1041124223
9620.54	911127791
9646.75	940081519
9672.97	878420351
9699.18	907037055
9725.39	907037055
9751.61	811035007
9777.82	840845295
9804.04	944649455
9830.25	873236351
9856.46	1011003135
9882.68	1011003135
9908.89	809658751
9935.11	906977007
9961.32	1045673199
9987.53	810198895
10013.7	843945455
10040	1006660479
10066.2	941575551
10092.4	941575535
10118.6	839074671
10144.8	876905839
10171	911521647
10197.2	811581183
10223.5	811289471
10249.7	811289455
10275.9	906322927
10302.1	1044723439
10328.3	940282735
10354.5	1044614399
10380.7	1044614399
10407	905997679
10433.2	878407407
10459.4	872658175
10485.6	877528959
10511.8	877528959
10538	1011521023
10564.2	1012485487
10590.5	944327023
10616.7	810516863
10642.9	941207807
10669.1	941207807
10695.3	978260863
10721.5	1042201839
10747.7	906127727
10774	839804399
10800.2	843298543
10826.4	906072447
10852.6	945467135
10878.8	945467119
10905	810707311
10931.2	911108847
10957.5	1044623599
10983.7	944611711
11009.9	939832319
11036.1	939832303
11062.3	941182831
11088.5	910511471
11114.7	978289007
11140.9	979318527
11167.2	906867071
11193.4	906867055
11219.6	910606063
11245.8	978996079
11272	941443055
11298.2	907129599
11324.4	878491007
11350.7	878491007
11376.9	1865715455
11403.1	4013574479
11429.3	4281470060
11455.5	2134250422
11481.7	1866092053
11507.9	4013575701
11534.2	1865942193
11560.4	1866205513
11586.6	2134001227
11612.8	2134138755
11639	1866077703
11665.2	1866077703
11691.4	4013705911
11717.7	2134382526
11743.9	2134267471
11770.1	4281751119
11796.3	1865962081
11822.5	1865831303
11848.7	4013441973
11874.9	1865698700
11901.2	4281877835
11927.4	2134006346
11953.6	1866334343
11979.8	1866334343
12006	4013836709
12032.2	1865957813
12058.4	4282258255
12084.7	2134006398
12110.9	1866079891
12137.1	1866079891
12163.3	1866223111
12189.5	4013314225
12215.7	2133872760
12241.9	4281352267
12268.2	4013183847
12294.4	1865700199
12320.6	1865550977
12346.8	4013580055
12373	2134399372
12399.2	4282123343
12425.4	4281483340
12451.6	2133999692
12477.9	1865418657
12504.1	4013054357
12530.3	2134134199
12556.5	4281749583
12582.7	4282254204
12608.9	2134770556
12635.1	1866096039
12661.4	1866096391
12687.6	4282128821
12713.8	4281614456
12740	4282272120
12766.2	4013836664
12792.4	1866353991
12818.6	1865683621
12844.9	4281748387
12871.1	4282270604
12897.3	4013705342
12923.5	1866221694
12949.7	1865698936
12975.9	1866355333
13002.1	4282258995
13028.4	4281862268
13054.6	4281866364
13080.8	2134382716
13107	1865565873
13133.2	4013427603
13159.4	4013053091
13185.6	4012902750
13211.9	4281340030
13238.1	2134004327
13264.3	1866204579
13290.5	1866204579
13316.7	4013694385
13342.9	4013312654
13369.1	2134788218
13395.4	2134793048
13421.6	1865569187
13447.8	1865569187
13474	1866207413
13500.2	4013446024
13526.4	4281746808
13552.6	2134775900
13578.9	1866074001
13605.1	1866074001
13631.3	4012906645
13657.5	4013448579
13683.7	4281471336
13709.9	4281469278
13736.1	4282139459
13762.3	2134655811
13788.6	1866092963
13814.8	4013050515
13841	4282270348
13867.2	2133869914
13893.4	1865439582
13919.6	1865439582
13945.8	4013834405
13972.1	1866076551
13998.3	4281615752
14024.5	4281336666
14050.7	4012921182
14076.9	1865437534
14103.1	1865684913
14129.3	4281993379
14155.6	4281993607
14181.8	4281993607
14208	4013185388
14234.2	4013298012
14260.4	2134511683
14286.6	4281878293
14312.8	4281736323
14339.1	4281736323
14365.3	4013706638
14391.5	1866088794
14417.7	1865943918
14443.9	4013692065
14470.1	2134527111
14496.3	4282011016
14522.6	4013703516
14548.8	4013703516
14575	1866227626
14601.2	1866337425
14627.4	4281747861
14653.6	4281341095
14679.8	4013166940
14706.1	4013166940
14732.3	4012900700
14758.5	1865685575
14784.7	4281618579
14810.9	2399088771
14837.1	2398043739
14863.3	1861172827
14889.6	1785675337
14915.8	2708422169
14942	310640438
14968.2	78413622
14994.4	78413630
15020.6	978911038
15046.8	910780655
15073	1011717487
15099.3	1011520895
15125.5	806069247
15151.7	806069231
15177.9	905997551
15204.1	1044928751
15230.3	1006790127
15256.5	840283007
15282.8	873836927
15309	873836911
15335.2	910331631
15361.4	1008495855
15387.6	1041673343
15413.8	1041673343
15440	1041928575
15466.3	844277743
15492.5	840732271
15518.7	1007770351
15544.9	1011903215
15571.1	872907775
15597.3	1011922815
15623.5	1011922799
15649.8	912032751
15676	843082991
15702.2	974630639
15728.4	974218751
15754.6	978695039
15780.8	978695023
15807	1041539567
15833.3	1008045295
15859.5	906062575
15885.7	906579071
15911.9	872781695
15938.1	872781679
15964.3	1012696559
15990.5	911584367
16016.8	978349807
16043	1045867775
16069.2	1011122687
16095.4	1011122687
16121.6	941332351
16147.8	4013461999
16174	4282261384
16200.3	4282140750
16226.5	4281338179
16252.7	4281338179
16278.9	4013053061
16305.1	1865555077
16331.3	4282009016
16357.5	2134771374
16383.8	1866079884
16410	1866079884
16436.2	4013183921
16462.4	1866073509
16488.6	4282260908
16514.8	4281876588
16541	4013703756
16567.2	1866220108
16593.5	4013299379
16619.7	4013165703
16645.9	4281615509
16672.1	4281485386
16698.3	4013430668
16724.5	4013430668
16750.7	4013558087
16777	2750362243
16803.2	361299770
16829.4	21692218
16855.6	21688118
16881.8	410251062
16908	1535504178
16934.2	1300754228
16960.5	1436319540
16986.7	7143216
17012.9	7139132
17039.1	8154940
17065.3	512094012
17091.5	1132588852
17117.7	93847350
17144	139132722
17170.2	139132728
17196.4	532184888
17222.6	1201925950
17248.8	1568927544
17275	127270710
17301.2	394854196
17327.5	394854194
17353.7	444366642
17379.9	129494842
17406.1	1135079230
17432.3	1403387708
17458.5	245006138
17484.7	245006134
17511	378076982
17537.2	408448830
17563.4	111275838
17589.6	1520566068
17615.8	227934002
17642	227934006
17668.2	1501065014
17694.5	1337618234
17720.7	1585704760
17746.9	92798778
17773.1	378928956
17799.3	378924850
17825.5	213413682
17851.7	1337880382
17877.9	441839410
17904.2	94502710
17930.4	1435762488
17956.6	1435762488
17982.8	396001080
18009	532574002
18035.2	1186492218
18061.4	228851512
18087.7	328597302
18113.9	328597310
18140.1	1421344574
18166.3	293105468
18192.5	244870974
18218.7	245497662
18244.9	1134034746
18271.2	1134034744
18297.4	76939064
18323.6	264138554
18349.8	113143606
18376	379060030
18402.2	396623674
18428.4	396623664
18454.7	112590640
18480.9	1555590962
18507.1	1186885426
18533.3	1231716150
18559.5	1569058618
18585.7	1301544764
18611.9	263585584
18638.2	263585588
18664.4	1213755188
18690.6	1184657210
18716.8	1319628598
18743	479330098
18769.2	1437728572
18795.4	1437724464
18821.7	247361328
18847.9	22966068
18874.1	157675316
18900.3	311689018
18926.5	311689022
18952.7	1320283966
18978.9	513437488
19005.1	261914420
19031.4	397180734
19057.6	397180734
19083.8	1285816126
19110	95940400
19136.2	498331448
19162.4	276328250
19188.6	292056890
19214.9	1336278834
19241.1	1553334064
19267.3	1553329978
19293.5	1186066234
19319.7	247230262
19345.9	1184395056
19372.1	514326328
19398.4	1169424178
19424.6	1169420080
19450.8	1202974512
19477	1335521076
19503.2	1184526132
19529.4	407535422
19555.6	210894646
19581.9	210890548
19608.1	1152642868
19634.3	378433342
19660.5	39350068
19686.7	1586265910
19712.9	1453588276
19739.1	1453588278
19765.4	397934390
19791.6	532016944
19817.8	1589407540
19844	1602912052
19870.2	1201930034
19896.4	1201930040
19922.6	227934008
19948.9	378040116
19975.1	1472098098
20001.3	189431600
20027.5	1468694324
20053.7	1468690228
20079.9	195555124
20106.1	1605496632
20132.4	394948402
20158.6	127565630
20184.8	378437438
20211	378433342
20237.2	512094014
20263.4	1572335408
20289.6	260992826
20315.8	1079934768
20342.1	1452179258
20368.3	1452175154
20394.5	229895986
20420.7	1605889848
20446.9	263581490
20473.1	1150189364
20499.3	1200258874
20525.6	1200254776
20551.8	1435004728
20578	1183346490
20604.2	378171196
20630.4	531758902
20656.6	1200258874
20682.8	1200258870
20709.1	378175286
20735.3	109735736
20761.5	1183608630
20787.7	109870900
20813.9	378437426
20840.1	378437434
20866.3	1183612730
20892.6	1183608624
20918.8	1468559158
20945	1166966576
20971.2	110001978
20997.4	110001976
21023.6	1605500728
21049.8	109866802
21076.1	1552838462
21102.3	109608760
21128.5	1451917114
21154.7	1451917106
21180.9	1605500722
21207.1	1451781938
21233.3	1468690224
21259.6	126385968
21285.8	1183481648
21312	1183481654
21338.2	531885878
21364.4	394817340
21390.6	1183477558
21416.8	1166704436
21443.1	378175292
21469.3	378171196
21495.5	532016956
21521.7	1605758774
21547.9	378433332
21574.1	395083570
21600.3	1200258870
21626.5	1200258868
21652.8	263454516
21679	1166962494
21705.2	1605627704
21731.4	531758900
21757.6	1468563258
21783.8	1468563254
21810	1605893942
21836.3	1183608624
21862.5	1451781942
21888.7	1183612722
21914.9	395083568
21941.1	395083582
21967.3	1418624830
21993.5	394817340
22019.8	109735728
22046	109870908
22072.2	126385972
22098.4	126385982
22124.6	110001982
22150.8	244215604
22177	1183346480
22203.3	109870900
22229.5	1452048176
22255.7	1452048182
22281.9	532152118
22308.1	126512948
22334.3	1183477556
22360.5	1166573364
22386.8	1200258874
22413	1200258876
22439.2	1183743804
22465.4	1435397936
22491.6	1200123710
22517.8	1183612722
22544	512655152
22570.3	512655154
22596.5	1451786034
22622.7	126381874
22648.9	1452175156
22675.1	378175286
22701.3	244088628
22727.5	244084528
22753.8	1605496624
22780	227307322
22806.2	1605496638
22832.4	532021050
22858.6	1468694326
22884.8	1468690228
22911	109604660
22937.2	244215608
22963.5	1468952370
22989.7	1605893940
23015.9	1468563252
23042.1	1468559152
23068.3	1150185264
23094.5	1468690236
23120.7	378040114
23147	378437436
23173.2	244219696
23199.4	244219698
23225.6	110001970
23251.8	378302258
23278	1200385848
23304.2	1200389942
23330.5	394821424
23356.7	394821428
23382.9	263716660
23409.1	109997882
23435.3	1605627702
23461.5	109870910
23487.7	1334607666
23514	1334607668
23540.2	378175284
23566.4	1183739704
23592.6	109997872
23618.8	1183350584
23645	395214642
23671.2	395214644
23697.5	395214644
23723.7	378433330
23749.9	1452175156
23776.1	1605631796
23802.3	1468694326
23828.5	1468690224
23854.7	263581488
23881	512519998
23907.2	1451913008
23933.4	263323442
23959.6	424247102
23985.8	424242996
24012	1181708084
24038.2	1316024116
24064.5	202436404
24090.7	68517694
24116.9	1602813754
24143.1	1602809656
24169.3	1229516600
24195.5	1203400496
24221.7	1202614078
24247.9	109739838
24274.2	1337065276
24300.4	1337065264
24326.6	1437859632
24352.8	76312382
24379	1588850488
24405.2	1320419122
24431.4	1435139894
24457.7	1435139900
24483.9	263454524
24510.1	1183477560
24536.3	532016948
24562.5	515112758
24588.7	126779196
24614.9	126779184
24641.2	1605762864
24667.4	532016946
24693.6	1183739698
24719.8	1605893938
24746	1183350576
24772.2	1183350576
24798.4	378175280
24824.7	109735730
24850.9	1183739702
24877.1	1605500722
24903.3	1418493744
24929.5	1418493756
24955.7	263323452
24981.9	1166700338
25008.2	109735738
25034.4	1452048190
25060.6	1451786032
25086.8	1451786036
25113	532016948
25139.2	126381878
25165.4	531754802
25191.7	263585598
25217.9	1200258868
25244.1	1200254768
25270.3	1588981552
25296.5	378433332
25322.7	532148020
25348.9	1588723516
25375.2	243957558
25401.4	243953464
25427.6	531754808
25453.8	1605758780
25480	1183477558
25506.2	1588985650
25532.4	1451917110
25558.6	1451917108
25584.9	1435139892
25611.1	109997886
25637.3	378302262
25663.5	531889980
25689.7	1451917112
25715.9	1451917106
25742.1	1451786034
25768.4	378040112
25794.6	378171192
25820.8	1334640446
25847	1600847676
25873.2	1600847670
25899.4	1531281206
25925.6	488042302
25951.9	1176268606
25978.1	1011711794
26004.3	877028351
26030.5	877028351
26056.7	907718911
26082.9	877168111
26109.1	840007279
26135.4	945196287
26161.6	840456319
26187.8	840456319
26214	1012829823
26240.2	806849647
26266.4	810977391
26292.6	811512319
26318.9	811043967
26345.1	811043967
26371.3	840939519
26397.5	872843375
26423.7	843484271
26449.9	874428415
26476.1	911641215
26502.4	911641215
26528.6	840462847
26554.8	1044744303
26581	1011856367
26607.2	944016511
26633.4	811042943
26659.6	811042943
26685.9	839289471
26712.1	1040615535
26738.3	941602799
26764.5	810977407
26790.7	873892991
26816.9	873892991
26843.1	809928831
26869.3	844532847
26895.6	844532847
26921.8	839289471
26948	872910463
26974.2	872910463
27000.4	1012172927
27026.6	805800047
27052.8	878087791
27079.1	810977903
27105.3	907512943
27131.5	806783615
27157.7	906397823
27183.9	906397807
27210.1	805736047
27236.3	906998767
27262.6	978815615
27288.8	978815615
27315	844084735
27341.2	810977391
27367.4	912241647
27393.6	805735551
27419.8	910658175
27446.1	910658175
27472.3	1045410303
27498.5	810978927
27524.7	1041216495
27550.9	1045727871
27577.1	910657663
27603.3	910657663
27629.6	878688255
27655.8	844531823
27682	843484783
27708.2	873892991
27734.4	941526655
27760.6	941526655
27786.8	845132287
27813.1	873962095
27839.3	974814319
27865.5	810120575
27891.7	973452671
27917.9	973452671
27944.1	1006934655
27970.3	1010855151
27996.6	877743215
28022.8	1041016703
28049	910997503
28075.2	910997503
28101.4	839019775
28127.6	1046039663
28153.8	1045795695
28180	805536255
28206.3	910596735
28232.5	910596735
28258.7	910780543
28284.9	843557487
28311.1	843140207
28337.3	944081535
28363.5	843549823
28389.8	843549823
28416	906998783
28442.2	877037679
28468.4	845133295
28494.6	940871295
28520.8	809995391
28547	809995391
28573.3	940552703
28599.5	839289967
28625.7	1042265071
28651.9	839289471
28678.1	910592639
28704.3	910592639
28730.5	807384047
28756.8	805736047
28783	975156207
28809.2	839289471
28835.4	1008110207
28861.6	1008110191
28887.8	840938991
28914	844531823
28940.3	1041217007
28966.5	811577855
28992.7	877037695
29018.9	877037679
29045.1	809928815
29071.3	877103215
29097.5	1012839919
29123.8	845133823
29150	806849151
29176.2	806849135
29202.4	810977391
29228.6	979144303
29254.8	872844911
29281	874017279
29307.3	878086271
29333.5	878086271
29359.7	1045280767
29385.9	974556271
29412.1	843483759
29438.3	906933247
29464.5	910658175
29490.8	910658175
29517	811579391
29543.2	906463855
29569.4	973572207
29595.6	878686719
29621.8	1008111231
29648	1008111231
29674.2	806783103
29700.5	806848623
29726.7	973508207
29752.9	840338559
29779.1	878086271
29805.3	878086271
29831.5	806784623
29857.7	978094703
29884	907446895
29910.2	1041216511
29936.4	877561983
29962.6	877561967
29988.8	906398319
30015	806784111
30041.2	843550319
30067.5	939953791
30093.7	939953791
30119.9	906464367
30146.1	974556783
30172.3	1040551535
30198.5	974556271
30224.7	809929855
30251	807372927
30277.2	807372911
30303.4	906398319
30329.6	907511919
30355.8	977700975
30382	911640703
30408.2	944541311
30434.5	944541295
30460.7	806784623
30486.9	839813231
30513.1	809994863
30539.3	911194111
30565.5	873958527
30591.7	873958511
30618	940553199
30644.2	809994351
30670.4	844597871
30696.6	805925375
30722.8	911706239
30749	911706239
30775.2	939953279
30801.4	1045794415
30827.7	944146543
30853.9	811577855
30880.1	1041664639
30906.3	1041664639
30932.5	873891951
30958.7	944147055
30984.9	941000815
31011.2	840338047
31037.4	1045858431
31063.6	1045858415
31089.8	877038191
31116	806783599
31142.2	811042927
31168.4	874493439
31194.7	874493439
31220.9	944147055
31247.1	840337519
31273.3	872910447
31299.5	878087791
31325.7	908047359
31351.9	810978431
31378.2	810978415
31404.4	912241647
31430.6	978685551
31456.8	809995375
31483	912241663
31509.2	843484287
31535.4	843484271
31561.7	908047855
31587.9	944146543
31614.1	811044463
31640.3	872844415
31666.5	940018303
31692.7	940018287
31718.9	912242671
31745.2	840403567
31771.4	877038191
31797.6	839355007
31823.8	910658175
31850	910658159
31876.2	940553199
31902.4	941001327
31928.7	809994863
31954.9	805800063
31981.1	1012370047
32007.3	1012370031
32033.5	1007661551
32059.7	906397807
32085.9	906399343
32112.1	806784639
32138.4	843549311
32164.6	843549295
32190.8	1012173935
32217	839354479
32243.2	1046458863
32269.4	810529279
32295.6	810529279
32321.9	973573231
32348.1	840338543
32374.3	806324351
32400.5	1045410815
32426.7	1045410815
32452.9	906998783
32479.1	806849647
32505.4	979349999
32531.6	844008063
32557.8	906464895
32584	906464895
32610.2	1007061119
32636.4	843549807
32662.6	877638639
32688.9	806848639
32715.1	977701503
32741.3	977701503
32767.5	944540799
32793.7	977767023
32819.9	810530799
32846.1	974490751
32872.4	945796095
32898.6	945796095
32924.8	1012239487
32951	974620783
32977.2	977636975
33003.4	941067391
33029.6	843484287
33055.9	843484287
33082.1	805736063
33108.3	805800047
33134.5	840528367
33160.7	911640703
33186.9	1012905983
33213.1	1012905983
33239.4	807384575
33265.6	877038191
33291.8	810978927
33318	845056623
33344.2	910657663
33370.4	910657663
33396.6	809930367
33422.8	873369199
33449.1	939952751
33475.3	840403583
33501.5	878687743
33527.7	878687743
33553.9	877638655
33580.1	806259823
33606.3	809929327
33632.6	910593151
33658.8	878087295
33685	878087295
33711.2	1007662063
33737.4	878152303
33763.6	906398319
33789.8	1007061631
33816.1	1008110207
33842.3	1008110191
33868.5	912241135
33894.7	811044463
33920.9	1007062127
33947.1	906398335
33973.3	911193087
33999.6	911193087
34025.8	811578879
34052	907513455
34078.2	810977391
34104.4	940017791
34130.6	1012905471
34156.8	1012905471
34183.1	1012774399
34209.3	1011255407
34235.5	878086767
34261.7	944606335
34287.9	877038207
34314.1	877038207
34340.3	809930367
34366.6	877103215
34392.8	906398831
34419	806850175
34445.2	811502207
34471.4	811502207
34497.6	810977407
34523.8	906463855
34550.1	809929327
34576.3	906398335
34602.5	873892991
34628.7	873892991
34654.9	1044679807
34681.1	973572207
34707.3	845132271
34733.5	877104767
34759.8	906464383
34786	906464383
34812.2	805801599
34838.4	877039215
34864.6	911194095
34890.8	877038719
34917	1007126655
34943.3	1007126655
34969.5	906398335
34995.7	809994863
35021.9	1045411823
35048.1	806849151
35074.3	844597887
35100.5	844597887
35126.8	843484287
35153	811503215
35179.2	840462831
35205.4	839355007
35231.6	844597887
35257.8	844597887
35284	911192575
35310.3	907447919
35336.5	845132783
35362.7	872908927
35388.9	811044479
35415.1	811044479
35441.3	873893503
35467.5	911641711
35493.8	977701999
35520	1044745327
35546.2	906399343
35572.4	843483263
35598.6	907511935
35624.8	907511919
35651	839290479
35677.3	839356015
35703.5	806850159
35729.7	840404095
35755.9	840861823
35782.1	840861807
35808.3	910592111
35834.5	1042264559
35860.8	911193583
35887	840337535
35913.2	806259839
35939.4	806259823
35965.6	843484783
35991.8	872908911
36018	1040617071
36044.2	910593151
36070.5	910593151
36096.7	839813231
36122.9	1011855855
36149.1	978684527
36175.3	907447919
36201.5	805801087
36227.7	1040681599
36254	1040681583
36280.2	978618991
36306.4	877039215
36332.6	1012905455
36358.8	1012239999
36385	840862335
36411.2	840862319
36437.5	809929839
36463.7	940017775
36489.9	1008711663
36516.1	843483263
36542.3	973572223
36568.5	973572207
36594.7	809928815
36621	979209839
36647.2	873892463
36673.4	907446911
36699.6	978749567
36725.8	978749567
36752	944082559
36778.2	945196143
36804.5	810978415
36830.7	977571455
36856.9	1008175231
36883.1	1008175231
36909.3	877038719
36935.5	805801583
36961.7	873958511
36988	1012838911
37014.2	840862847
37040.4	840862847
37066.6	810978431
37092.8	839354991
37119	844598383
37145.2	944017023
37171.5	973573247
37197.7	973573247
37223.9	877638143
37250.1	977636975
37276.3	978815087
37302.5	906999295
37328.7	944213119
37354.9	944213103
37381.2	908047343
37407.4	840404079
37433.6	1007061615
37459.8	911193599
37486	910593151
37512.2	910593135
37538.4	839356015
37564.7	1041664111
37590.9	912241135
37617.1	843483775
37643.3	810453631
37669.5	810453615
37695.7	811044463
37721.9	844597871
37748.2	806850159
37774.4	1041215999
37800.6	1041215999
37826.8	877562479
37853	809995375
37879.2	974620799
37905.4	877039231
37931.7	877039231
37957.9	912242687
37984.1	806258799
38010.3	878686703
38036.5	910592127
38062.7	911641215
38088.9	911641215
38115.2	874018815
38141.4	910592623
38167.6	1044679279
38193.8	978685567
38220	977766527
38246.2	977766527
38272.4	809929343
38298.7	839814767
38324.9	872843887
38351.1	872909439
38377.3	978750079
38403.5	978750079
38429.7	805800559
38455.9	1012904943
38482.2	912241647
38508.4	1008504447
38534.6	973508223
38560.8	973508207
38587	906463343
38613.2	878151791
38639.4	941602799
38665.7	873958527
38691.9	912241663
38718.1	912241647
38744.3	877639151
38770.5	807374447
38796.7	843483247
38822.9	877039231
38849.1	1045411327
38875.4	1045411311
38901.6	878688239
38927.8	910658159
38954	810978415
38980.2	809929343
39006.4	939953791
39032.6	939953791
39058.9	839289983
39085.1	941002351
39111.3	878086255
39137.5	873957503
39163.7	910657663
39189.9	910657663
39216.1	844531839
39242.4	843483247
39268.6	839289967
39294.8	873958527
39321	872909951
39347.2	872909951
39373.4	906463359
39399.6	844007535
39425.9	1007661551
39452.1	873892479
39478.3	878688255
39504.5	878688255
39530.7	907446399
39556.9	974030959
39583.1	1008710127
39609.4	806259839
39635.6	877038207
39661.8	877038207
39688	906398335
39714.2	844597871
39740.4	878087791
39766.6	805801599
39792.9	910592639
39819.1	839355007
39845.3	809995903
39871.5	872844399
39897.7	910592111
39923.9	873892991
39950.1	843483775
39976.3	843483775
40002.6	809994879
40028.8	843483247
40055	877038703
40081.2	907447919
40107.4	939952751
40133.6	911706751
40159.8	910592639
40186.1	910592623
40212.3	806849135
40238.5	977700975
40264.7	839355503
40290.9	907513471
40317.1	973507711
40343.3	973507695
40369.6	944540783
40395.8	910592623
40422	907446383
40448.2	907971711
40474.4	1045410815
40500.6	1045410799
40526.8	978684527
40553.1	840404591
40579.3	809929327
40605.5	1040681087
40631.7	973506687
40657.9	973506671
40684.1	877103215
40710.3	1046458863
40736.6	874493423
40762.8	840403583
40789	912242175
40815.2	912242159
40841.4	844597359
40867.6	1011856879
40893.8	978618991
40920.1	810453631
40946.3	810453631
40972.5	810978927
40998.7	911641711
41024.9	840337535
41051.1	1008710655
41077.3	1008710655
41103.6	874417791
41129.8	912242159
41156	872909423
41182.2	911641711
41208.4	810978415
41234.6	810977407
41260.8	978301951
41287	978301935
41313.3	1045793391
41339.5	944147055
41365.7	806849647
41391.9	878612095
41418.1	941601791
41444.3	941601775
41470.5	1008110703
41496.8	907447407
41523	810978927
41549.2	843548799
41575.4	878688255
41601.6	878688239
41627.8	878087791
41654	843484783
41680.3	912241647
41706.5	910659199
41732.7	844532863
41758.9	844532863
41785.1	877103743
41811.3	1008110703
41837.5	907446895
41863.8	907446399
41890	975157247
41916.2	975157247
41942.4	907446911
41968.6	810978415
41994.8	873892975
42021	911117951
42047.3	1042265087
42073.5	1042265087
42099.7	1007061615
42125.9	911192559
42152.1	1012239471
42178.3	844597887
42204.5	941601791
42230.8	941601775
42257	878687215
42283.2	941000815
42309.4	978685551
42335.6	944671359
42361.8	810978431
42388	810978415
42414.3	843548783
42440.5	1044745839
42466.7	1042265583
42492.9	805800575
42519.1	845132287
42545.3	845132271
42571.5	906464367
42597.8	910592623
42624	975157231
42650.2	877038719
42676.4	844531839
42702.6	844531839
42728.8	873958527
42755	844598895
42781.2	945796079
42807.5	910592127
42833.7	810530303
42859.9	810530303
42886.1	944540799
42912.3	1045859439
42938.5	1044679791
42964.7	1040617087
42991	1040616063
43017.2	1040616063
43043.4	944539775
43069.6	839356015
43095.8	906464879
43122	811502207
43148.2	1046393343
43174.5	1046393343
43200.7	944540799
43226.9	810453103
43253.1	810978415
43279.3	878086783
43305.5	941000831
43331.7	941000831
43358	840403071
43384.2	878086255
43410.4	805735535
43436.6	840863359
43462.8	843483263
43489	843483263
43515.2	877039231
43541.5	810977903
43567.7	945131119
43593.9	807308927
43620.1	877639167
43646.3	877639167
43672.5	873892479
43698.7	907447919
43725	877037679
43751.2	809995903
43777.4	939953791
43803.6	939953791
43829.8	1044679807
43856	1011856879
43882.2	839355503
43908.4	807308927
43934.7	877639167
43960.9	877639167
43987.1	1008110719
44013.3	840404079
44039.5	911640687
44065.7	878153343
44091.9	973506687
44118.2	973506687
44144.4	843483263
44170.6	811042927
44196.8	910592111
44223	810454143
44249.2	877038719
44275.4	912242671
44301.7	809994351
44327.9	912241151
44354.1	807308927
44380.3	807308911
44406.5	843483247
44432.7	906588655
44458.9	810978927
44485.2	877639679
44511.4	844597887
44537.6	844597871
44563.8	1007062127
44590	911706735
44616.2	1011255423
44642.4	1011255423
44668.7	908047359
44694.9	1008110703
44721.1	805801071
44747.3	843550335
44773.5	877038207
44799.7	877038207
44825.9	877574143
44852.2	872844911
44878.4	1044745327
44904.6	1008110703
44930.8	845057647
44957	910593151
44983.2	872844927
45009.4	872844911
45035.7	1007662063
45061.9	1011190895
45088.1	873892975
45114.3	1008711679
45140.5	1007126655
45166.7	1007126639
45192.9	1007061615
45219.1	873957487
45245.4	840863343
45271.6	873445375
45297.8	906464383
45324	906464367
45350.2	907447407
45376.4	1012173423
45402.6	1007061615
45428.9	977570943
45455.1	840862335
45481.3	840862335
45507.5	1042265071
45533.7	872910447
45559.9	878086767
45586.1	843484799
45612.4	809995391
45638.6	809995375
45664.8	941601775
45691	839289455
45717.2	911706223
45743.4	941602303
45769.6	941602303
45795.9	1008110191
45822.1	1046329327
45848.3	907512447
45874.5	977766527
45900.7	977766527
45926.9	912242175
45953.1	910592623
45979.4	941601263
46005.6	1044745855
46031.8	1007061631
46058	1007061631
46084.2	809928831
46110.4	1008175727
46136.6	872844399
46162.9	1041217535
46189.1	811042943
46215.3	811042943
46241.5	906399359
46267.7	805801071
46293.9	809995375
46320.1	1045411327
46346.4	944540799
46372.6	944540799
46398.8	1007663103
46425	839813743
46451.2	844532847
46477.4	1040616575
46503.6	877104767
46529.8	877104767
46556.1	839289471
46582.3	944540783
46608.5	906399343
46634.7	811042927
46660.9	878152303
46687.1	973506687
46713.3	1011649663
46739.6	1011649647
46765.8	1008711151
46792	907446895
46818.2	877039215
46844.4	843484799
46870.6	878152319
46896.8	878152303
46923.1	1011125871
46949.3	878687215
46975.5	878086783
47001.7	878086783
47027.9	1007061631
47054.1	873959023
47080.3	843550319
47106.6	840404607
47132.8	809994367
47159	809994367
47185.2	840338559
47211.4	845056111
47237.6	806783599
47263.8	974556799
47290.1	873957503
47316.3	873957503
47342.5	805736063
47368.7	945261167
47394.9	1044679791
47421.1	1007663103
47447.3	911706751
47473.6	911706751
47499.8	906464895
47526	809994863
47552.2	973508207
47578.4	977636975
47604.6	843548783
47630.8	1041216511
47657.1	1045270143
47683.3	1045270127
47709.5	874493935
47735.7	873893487
47761.9	911707247
47788.1	906397823
47814.3	1008176767
47840.5	1008176751
47866.8	912242671
47893	809929327
47919.2	906464879
47945.4	844532351
47971.6	911640703
47997.8	911640687
48024	872968687
48050.3	840337519
48076.5	906398831
48102.7	908046847
48128.9	973573759
48155.1	973573743
48181.3	878687215
48207.5	806259823
48233.8	939952239
48260	908048383
48286.2	945261695
48312.4	945261679
48338.6	939953263
48364.8	873958511
48391	910658175
48417.3	910658175
48443.5	1008710143
48469.7	839355503
48495.9	877638639
48522.1	1011190895
48548.3	1044809839
48574.5	1011125887
48600.8	1044875391
48627	1044875375
48653.2	939952751
48679.4	807308399
48705.6	941001327
48731.8	872844415
48758	944212095
48784.3	944212079
48810.5	845132271
48836.7	805801071
48862.9	877037679
48889.1	839355519
48915.3	911706239
48941.5	911706223
48967.8	845133807
48994	872843887
49020.2	872844399
49046.4	839288959
49072.6	910658687
49098.8	910658687
49125	806975487
49151.2	907447919
49177.5	843548783
49203.7	806783615
49229.9	1011322495
49256.1	1011322495
49282.3	806784639
49308.5	907446895
49334.7	941002351
49361	872844927
49387.2	839355519
49413.4	839355519
49439.6	810530799
49465.8	877038191
49492	878086767
49518.2	809929343
49544.5	974620799
49570.7	974620783
49596.9	1008711151
49623.1	840403055
49649.3	839355503
49675.5	907447423
49701.7	1040616575
49728	1040616559
49754.2	845132271
49780.4	978095727
49806.6	877104239
49832.8	840338047
49859	844008575
49885.2	844008559
49911.5	911192559
49937.7	944146543
49963.9	906399343
49990.1	839289983
50016.3	811043967
50042.5	811043967
50068.7	911194111
50095	1044679791
50121.2	872910447
50147.4	878687231
50173.6	809995903
50199.8	809995903
50226	941602815
50252.2	939952751
50278.5	940018287
50304.7	840338047
50330.9	1041664127
50357.1	1041664127
50383.3	1007662079
50409.5	873892975
50435.7	877103727
50461.9	805801087
50488.2	977766527
50514.4	977766527
50540.6	1042265087
50566.8	906464367
50593	839355503
50619.2	806783103
50645.4	1007126655
50671.7	1007126655
50697.9	843483247
50724.1	805800559
50750.3	805324911
50776.5	839355007
50802.7	911706239
50828.9	911706223
50855.2	1042265071
50881.4	809994351
50907.6	873893487
50933.8	806783103
50960	844008063
50986.2	844008047
51012.4	944146543
51038.7	906463855
51064.9	907447919
51091.1	1044744319
51117.3	973572735
51143.5	973572719
51169.7	839290479
51195.9	1044745839
51222.2	809994863
51248.4	839356031
51274.6	907513471
51300.8	907513455
51327	878086255
51353.2	945195119
51379.4	811042927
51405.7	840338047
51431.9	944147071
51458.1	944147071
51484.3	809928831
51510.5	806849135
51536.7	878086255
51562.9	939952767
51589.2	839356031
51615.4	839356031
51641.6	877039231
51667.8	906464367
51694	877103727
51720.2	806783103
51746.4	811503231
51772.6	811503231
51798.9	877038719
51825.1	912242159
51851.3	907446895
51877.5	839356031
51903.7	906464895
51929.9	906464895
51956.1	809928815
51982.4	878086767
52008.6	911706735
52034.8	840338047
52061	944212095
52087.2	944212079
52113.4	877037679
52139.6	809994863
52165.9	906398831
52192.1	974107135
52218.3	877103743
52244.5	877103727
52270.7	873893487
52296.9	907446895
52323.1	843549807
52349.4	912242175
52375.6	878086271
52401.8	878086271
52428	878688255
52454.2	840862319
52480.4	1040615535
52506.6	1011857407
52532.9	877563007
52559.1	877563007
52585.3	906999295
52611.5	840403055
52637.7	1007062127
52663.9	844531839
52690.1	878086271
52716.4	878086271
52742.6	1041215999
52768.8	809995887
52795	810977903
52821.2	1041150975
52847.4	911640703
52873.6	911640703
52899.9	912242175
52926.1	907446383
52952.3	844532335
52978.5	878688255
53004.7	845057663
53030.9	845057663
53057.1	941001343
53083.3	1046253167
53109.6	1041665647
53135.8	944016511
53162	1041665663
53188.2	1041665663
53214.4	1046329343
53240.6	872908911
53266.8	1008110703
53293.1	1044744831
53319.3	843549823
53345.5	843549807
53371.7	840528367
53397.9	978685551
53424.1	877037679
53450.3	840404607
53476.6	845057663
53502.8	845057663
53529	843549823
53555.2	939953775
53581.4	978094703
53607.6	840338047
53633.8	806849663
53660.1	806849663
53686.3	1007061631
53712.5	1008710127
53738.7	878087279
53764.9	1007662079
53791.1	807308927
53817.3	807308927
53843.6	911193599
53869.8	906398831
53896	1040616047
53922.2	877038719
53948.4	809994367
53974.6	809994367
54000.8	1007662079
54027.1	907511919
54053.3	1012905967
54079.5	906398335
54105.7	840863359
54131.9	840863359
54158.1	873445375
54184.3	810977903
54210.6	844531823
54236.8	907446911
54263	911642239
54289.2	911642239
54315.4	911194111
54341.6	878087279
54367.8	844531823
54394	907446399
54420.3	941066367
54446.5	941066367
54472.7	1045345279
54498.9	844531823
54525.1	811043439
54551.3	810530815
54577.5	911117439
54603.8	911117439
54630	1007662079
54656.2	809994863
54682.4	844597871
54708.6	1011726335
54734.8	974621311
54761	974621311
54787.3	941001855
54813.5	911640687
54839.7	1012905455
54865.9	1045727871
54892.1	974621823
54918.3	974621823
54944.5	844532351
54970.8	941066351
54997	907446383
55023.2	906397823
55049.4	811501695
55075.6	811501695
55101.8	1046393855
55128	809929839
55154.3	839814767
55180.5	810977919
55206.7	910657663
55232.9	910657663
55259.1	1008711167
55285.3	839354479
55311.5	945795567
55337.8	843483759
55364	1040682607
55390.2	807385087
55416.4	843548799
55442.6	843548783
55468.8	839354479
55495	906398831
55521.3	941067391
55547.5	941067391
55573.7	944017023
55599.9	840403567
55626.1	907513455
55652.3	878087807
55678.5	906923135
55704.8	906923135
55731	840338559
55757.2	872909423
55783.4	1008711151
55809.6	843484799
55835.8	978095231
55862	978095231
55888.2	1041216511
55914.5	810453615
55940.7	805801583
55966.9	908047871
55993.1	844009087
56019.3	844009087
56045.5	974555775
56071.7	873957999
56098	810978415
56124.2	806784623
56150.4	840861807
56176.6	939953791
56202.8	906463359
56229	906463343
56255.2	809995887
56281.5	974107631
56307.7	878087279
56333.9	843484799
56360.1	911640703
56386.3	911640687
56412.5	910592623
56438.7	941601263
56465	810453103
56491.2	912241663
56517.4	806259327
56543.6	806259311
56569.8	973573743
56596	810977903
56622.2	840404591
56648.5	1008711679
56674.7	945588351
56700.9	945588335
56727.1	1012904431
56753.3	906397807
56779.5	1040682607
56805.7	810529279
56832	810529279
56858.2	877103727
56884.4	873892463
56910.6	839290495
56936.8	945195135
56963	945195135
56989.2	910593663
57015.4	873957487
57041.7	839814255
57067.9	1042265087
57094.1	979143807
57120.3	979143807
57146.5	941602303
57172.7	1045792879
57198.9	941066863
57225.2	806783615
57251.4	1041664639
57277.6	1041664639
57303.8	1046327807
57330	877104239
57356.2	839355503
57382.4	1045727855
57408.7	843548783
57434.9	1007661567
57461.1	878686719
57487.3	878686703
57513.5	911641199
57539.7	840403567
57565.9	1012304495
57592.2	810978431
57618.4	978094719
57644.6	978094703
57670.8	806260335
57697	911193583
57723.2	906463855
57749.4	944017023
57775.7	911642239
57801.9	911642223
57828.1	810977903
57854.3	910593135
57880.5	941066351
57906.7	840938495
57932.9	1007661567
57959.2	1007661551
57985.4	840404591
58011.6	973507695
58037.8	910592623
58064	1046458879
58090.2	1044679807
58116.4	1044679791
58142.7	843548783
58168.9	907447407
58195.1	1007127167
58221.3	1007127167
58247.5	840338047
58273.7	907511919
58299.9	906464879
58326.1	912242687
58352.4	809994367
58378.6	809994367
58404.8	878087295
58431	806259311
58457.2	1041664111
58483.4	805925871
58509.6	810453103
58535.9	873893503
58562.1	806848639
58588.3	806848623
58614.5	945797103
58640.7	840938991
58666.9	810453615
58693.1	906399359
58719.4	809994367
58745.6	809994351
58771.8	844532335
58798	912242671
58824.2	839355503
58850.4	1011790847
58876.6	978094719
58902.9	978094703
58929.1	911642223
58955.3	910593647
58981.5	945261167
59007.7	873444351
59033.9	872843391
59060.1	872843391
59086.4	805801071
59112.6	1007062127
59138.8	941066863
59165	1007662079
59191.2	1044680319
59217.4	1044680303
59243.6	906398831
59269.9	839355503
59296.1	911707759
59322.3	907446911
59348.5	907446911
59374.7	906464367
59400.9	839813743
59427.1	906463871
59453.4	840863359
59479.6	840863359
59505.8	806850175
59532	878152303
59558.2	878152815
59584.4	805800575
59610.6	940018815
59636.8	940018815
59663.1	809928831
59689.3	907512431
59715.5	877037679
59741.7	907446383
59767.9	877103215
59794.1	978619519
59820.3	974620799
59846.6	974620783
59872.8	844597359
59899	810978415
59925.2	945588335
59951.4	910592127
59977.6	873958015
60003.8	873957999
60030.1	941066351
60056.3	908047343
60082.5	1045794415
60108.7	939952767
60134.9	872908927
60161.1	872908911
60187.3	844532847
60213.6	908047855
60239.8	977702511
60266	878086783
60292.2	1012697215
60318.4	1012697215
60344.6	1041664623
60370.8	811578351
60397.1	1012303983
60423.3	839289983
60449.5	944539775
60475.7	944539759
60501.9	1011256431
60528.1	941000815
60554.3	907512943
60580.6	1042200575
60606.8	1042200575
60633	811501679
60659.2	907447407
60685.4	945131135
60711.6	911182463
60737.8	911182463
60764.1	907637247
60790.3	872908911
60816.5	940018287
60842.7	839889391
60868.9	907512431
60895.1	806784639
60921.3	945589375
60947.5	945589359
60973.8	843548783
61000	877038191
61026.2	973572207
61052.4	908048383
61078.6	906397823
61104.8	906397807
61131	1008109679
61157.3	906399343
61183.5	810454639
61209.7	1041215999
61235.9	844532351
61262.1	844532335
61288.3	977636975
61314.5	809930351
61340.8	811043439
61367	872844927
61393.2	872909439
61419.4	872909439
61445.6	1011856383
61471.8	874493935
61498	911706223
61524.3	810977407
61550.5	811501695
61576.7	811501695
61602.9	878086783
61629.1	944017007
61655.3	1011255407
61681.5	810978943
61707.8	840403071
61734	840403055
61760.2	809994863
61786.4	910592111
61812.6	877103727
61838.8	811579391
61865	810978943
61891.3	810978927
61917.5	941001327
61943.7	878687727
61969.9	877562479
61996.1	939952255
62022.3	877037695
62048.5	877037679
62074.8	1008110191
62101	911641199
62127.2	907513455
62153.4	911193087
62179.6	906464383
62205.8	906464367
62232	843483759
62258.2	806849135
62284.5	811044463
62310.7	910592639
62336.9	907511935
62363.1	907511919
62389.3	974556783
62415.5	907446383
62441.7	811044463
62468	810977407
62494.2	872844927
62520.4	872844911
62546.6	810978415
62572.8	911640687
62599	809994351
62625.2	844531839
62651.5	806783615
62677.7	806783615
62703.9	910593663
62730.1	974108143
62756.3	840404079
62782.5	973507711
62808.7	974950015
62835	974950015
62861.2	939952751
62887.4	878687727
62913.6	845056111
62939.8	877039231
62966	1011255423
62992.2	1011255407
63018.5	974620783
63044.7	1046329327
63070.9	843549295
63097.1	910592127
63123.3	840404095
63149.5	840404079
63175.7	844007535
63202	910593135
63228.2	805801071
63254.4	877037695
63280.6	872910463
63306.8	872910447
63333	877103215
63359.2	974555247
63385.5	840404079
63411.7	810977407
63437.9	907447423
63464.1	907447407
63490.3	873892975
63516.5	840404079
63542.7	945260655
63568.9	806783103
63595.2	941002367
63621.4	941002367
63647.6	878086783
63673.8	973506671
63700	806260335
63726.2	906999295
63752.4	839290495
63778.7	839290495
63804.9	911640703
63831.1	809929839
63857.3	809929327
63883.5	906399359
63909.7	840404607
63935.9	840404607
63962.2	1007062143
63988.4	906398831
64014.6	906922607
64040.8	873892991
64067	1041664639
64093.2	1041664639
64119.4	877038719
64145.7	873892975
64171.9	1007062639
64198.1	1011191423
64224.3	941067391
64250.5	941067375
64276.7	805736047
64302.9	840403567
64329.2	873893487
64355.4	840338047
64381.6	873959039
64407.8	873959023
64434	810978927
64460.2	911641199
64486.4	910592623
64512.7	912241663
64538.9	907511935
64565.1	907511935
64591.3	844533375
64617.5	872844911
64643.7	844598383
64669.9	810978431
64696.2	907511935
64722.4	907511935
64748.6	1045410815
64774.8	839290479
64801	977767023
64827.2	910593663
64853.4	810454143
64879.6	810454143
64905.9	1008711167
64932.1	806849647
64958.3	810453103
64984.5	979350015
65010.7	809995391
65036.9	809995391
65063.1	974555775
65089.4	872843887
65115.6	906464879
65141.8	810978431
65168	1045793919
65194.2	1045793919
65220.4	1046459903
65246.6	1012173423
65272.9	1008109679
65299.1	908047871
65325.3	839814783
65351.5	839814783
65377.7	906589183
65403.9	872844399
65430.1	878086767
65456.4	209998
65482.6	1
65508.8	69328
