#Layer_Color=32896
#
#Feature symbol names
#
$0 r10
$1 r3.937

#
#Feature attribute names
#

#
#Layer features
#
L 1.9685039 1.7716535 1.9685039 3.7401575 0 P 0
L 1.9685039 1.7716535 3.3661417 1.7716535 0 P 0
L 1.9685039 3.7401575 3.3661417 3.7401575 0 P 0
L 2.2027558 3.5324802 2.2027558 3.7253937 1 P 0
L 2.2027558 3.5324802 2.265748 3.5324802 1 P 0
L 2.2027558 3.7253937 2.265748 3.7253937 1 P 0
L 2.2145668 3.628937 2.2342519 3.628937 1 P 0
L 2.2342519 3.6092519 2.2342519 3.628937 1 P 0
L 2.2342519 3.628937 2.2342519 3.648622 1 P 0
L 2.2342519 3.628937 2.2539369 3.628937 1 P 0
L 2.265748 3.5324802 2.265748 3.7253937 1 P 0
L 2.2677165 3.2523622 2.2874016 3.2523622 1 P 0
L 2.269685 3.2208661 2.269685 3.2838583 1 P 0
L 2.269685 3.2208661 2.3051181 3.2208661 1 P 0
L 2.269685 3.2838583 2.3051181 3.2838583 1 P 0
L 2.2874016 3.2326771 2.2874016 3.2523622 1 P 0
L 2.2874016 3.2523622 2.2874016 3.2720472 1 P 0
L 2.2874016 3.2523622 2.3070866 3.2523622 1 P 0
L 2.3051181 3.2208661 2.3051181 3.2838583 1 P 0
L 2.3169291 3.322441 2.3169291 3.3736221 1 P 0
L 2.3169291 3.322441 2.3681103 3.322441 1 P 0
L 2.3169291 3.3736221 2.3681103 3.3736221 1 P 0
L 2.3228346 3.2972441 2.3425197 3.2972441 1 P 0
L 2.3228347 3.3480315 2.3425197 3.3480315 1 P 0
L 2.3425197 3.277559 2.3425197 3.2972441 1 P 0
L 2.3425197 3.2972441 2.3425197 3.3169291 1 P 0
L 2.3425197 3.2972441 2.3622048 3.2972441 1 P 0
L 2.3425197 3.3283465 2.3425197 3.3480315 1 P 0
L 2.3425197 3.3480315 2.3425197 3.3677166 1 P 0
L 2.3425197 3.3480315 2.3622048 3.3480315 1 P 0
L 2.3681103 3.322441 2.3681103 3.3736221 1 P 0
L 2.3720472 3.644685 2.3720472 3.7372048 1 P 0
L 2.3720472 3.644685 2.4311024 3.644685 1 P 0
L 2.3720472 3.7372048 2.4311024 3.7372048 1 P 0
L 2.3779528 3.2523622 2.3976378 3.2523622 1 P 0
L 2.3799213 3.2208661 2.3799213 3.2838583 1 P 0
L 2.3799213 3.2208661 2.4153544 3.2208661 1 P 0
L 2.3799213 3.2838583 2.4153544 3.2838583 1 P 0
L 2.3818897 3.6909449 2.4015748 3.6909449 1 P 0
L 2.3976378 3.2326771 2.3976378 3.2523622 1 P 0
L 2.3976378 3.2523622 2.3976378 3.2720472 1 P 0
L 2.3976378 3.2523622 2.4173229 3.2523622 1 P 0
L 2.4015748 3.6712598 2.4015748 3.6909449 1 P 0
L 2.4015748 3.6909449 2.4015748 3.71063 1 P 0
L 2.4015748 3.6909449 2.4212599 3.6909449 1 P 0
L 2.4153544 3.2208661 2.4153544 3.2838583 1 P 0
L 2.4311024 3.644685 2.4311024 3.7372048 1 P 0
L 2.5255905 3.1692913 2.5492126 3.1692913 1 P 0
L 2.5255905 3.3464567 2.5492126 3.3464567 1 P 0
L 2.5374016 3.5324802 2.5374016 3.7253937 1 P 0
L 2.5374016 3.5324802 2.6003938 3.5324802 1 P 0
L 2.5374016 3.7253937 2.6003938 3.7253937 1 P 0
L 2.5492126 3.1456692 2.5492126 3.1692913 1 P 0
L 2.5492126 3.1692913 2.5492126 3.1929134 1 P 0
L 2.5492126 3.1692913 2.5728347 3.1692913 1 P 0
L 2.5492126 3.3228346 2.5492126 3.3464567 1 P 0
L 2.5492126 3.3464567 2.5492126 3.3700788 1 P 0
L 2.5492126 3.3464567 2.5728347 3.3464567 1 P 0
L 2.5492127 3.628937 2.5688977 3.628937 1 P 0
L 2.5688977 3.6092519 2.5688977 3.628937 1 P 0
L 2.5688977 3.628937 2.5688977 3.648622 1 P 0
L 2.5688977 3.628937 2.5885828 3.628937 1 P 0
L 2.6003938 3.5324802 2.6003938 3.7253937 1 P 0
L 2.6574804 2.4606299 2.6771654 2.4606299 1 P 0
L 2.6771654 2.4409448 2.6771654 2.4606299 1 P 0
L 2.6771654 2.4606299 2.6771654 2.480315 1 P 0
L 2.6771654 2.4606299 2.6968505 2.4606299 1 P 0
L 2.6948818 3.5324802 2.6948818 3.7253937 1 P 0
L 2.6948818 3.5324802 2.757874 3.5324802 1 P 0
L 2.6948818 3.7253937 2.757874 3.7253937 1 P 0
L 2.7066928 3.628937 2.7263779 3.628937 1 P 0
L 2.7263779 3.6092519 2.7263779 3.628937 1 P 0
L 2.7263779 3.628937 2.7263779 3.648622 1 P 0
L 2.7263779 3.628937 2.7460629 3.628937 1 P 0
L 2.7362204 3.3647638 2.7559054 3.3647638 1 P 0
L 2.7381889 3.3391733 2.7381889 3.3903544 1 P 0
L 2.7381889 3.3391733 2.773622 3.3391733 1 P 0
L 2.7381889 3.3903544 2.773622 3.3903544 1 P 0
L 2.7559054 3.3450788 2.7559054 3.3647638 1 P 0
L 2.7559054 3.3647638 2.7559054 3.3844489 1 P 0
L 2.7559054 3.3647638 2.7755905 3.3647638 1 P 0
L 2.757874 3.5324802 2.757874 3.7253937 1 P 0
L 2.773622 3.3391733 2.773622 3.3903544 1 P 0
L 2.781496 3.209252 2.781496 3.3155512 1 P 0
L 2.781496 3.209252 2.8484252 3.209252 1 P 0
L 2.781496 3.3155512 2.7972441 3.3155512 1 P 0
L 2.7952755 3.2624016 2.8149606 3.2624016 1 P 0
L 2.7952755 3.2874016 2.8149606 3.2874016 1 P 0
L 2.7952755 3.3529528 2.8149606 3.3529528 1 P 0
L 2.7972441 3.3155512 2.7972441 3.3903544 1 P 0
L 2.7972441 3.3903544 2.8326771 3.3903544 1 P 0
L 2.8149606 3.2427165 2.8149606 3.2624016 1 P 0
L 2.8149606 3.2624016 2.8346456 3.2624016 1 P 0
L 2.8149606 3.2874016 2.8149606 3.3070867 1 P 0
L 2.8149606 3.2874016 2.8346457 3.2874016 1 P 0
L 2.8149606 3.3332678 2.8149606 3.3529528 1 P 0
L 2.8149606 3.3529528 2.8149606 3.3726379 1 P 0
L 2.8149606 3.3529528 2.8346456 3.3529528 1 P 0
L 2.8326771 3.3155512 2.8326771 3.3903544 1 P 0
L 2.8326771 3.3155512 2.8484252 3.3155512 1 P 0
L 2.8484252 3.209252 2.8484252 3.3155512 1 P 0
L 2.8543307 3.3647638 2.8740157 3.3647638 1 P 0
L 2.8562992 3.3391733 2.8562992 3.3903544 1 P 0
L 2.8562992 3.3391733 2.8917323 3.3391733 1 P 0
L 2.8562992 3.3903544 2.8917323 3.3903544 1 P 0
L 2.8641732 3.644685 2.8641732 3.7372048 1 P 0
L 2.8641732 3.644685 2.9232284 3.644685 1 P 0
L 2.8641732 3.7372048 2.9232284 3.7372048 1 P 0
L 2.8740157 3.3450788 2.8740157 3.3647638 1 P 0
L 2.8740157 3.3647638 2.8740157 3.3844489 1 P 0
L 2.8740157 3.3647638 2.8937008 3.3647638 1 P 0
L 2.8740157 3.6909449 2.8937008 3.6909449 1 P 0
L 2.8917323 3.3391733 2.8917323 3.3903544 1 P 0
L 2.8937008 3.6712598 2.8937008 3.6909449 1 P 0
L 2.8937008 3.6909449 2.8937008 3.71063 1 P 0
L 2.8937008 3.6909449 2.9133859 3.6909449 1 P 0
L 2.9232284 3.644685 2.9232284 3.7372048 1 P 0
L 2.9606296 3.3070866 2.9803147 3.3070866 1 P 0
L 2.9803147 3.2874015 2.9803147 3.3070866 1 P 0
L 2.9803147 3.3070866 2.9803147 3.3267717 1 P 0
L 2.9803147 3.3070866 2.9999997 3.3070866 1 P 0
L 3.0108266 3.3070866 3.0305117 3.3070866 1 P 0
L 3.0295276 3.5324802 3.0295276 3.7253937 1 P 0
L 3.0295276 3.5324802 3.0925198 3.5324802 1 P 0
L 3.0295276 3.7253937 3.0925198 3.7253937 1 P 0
L 3.0305117 3.2874015 3.0305117 3.3070866 1 P 0
L 3.0305117 3.3070866 3.0305117 3.3267717 1 P 0
L 3.0305117 3.3070866 3.0501967 3.3070866 1 P 0
L 3.0413387 3.628937 3.0610237 3.628937 1 P 0
L 3.0610237 3.3070866 3.0807087 3.3070866 1 P 0
L 3.0610237 3.6092519 3.0610237 3.628937 1 P 0
L 3.0610237 3.628937 3.0610237 3.648622 1 P 0
L 3.0610237 3.628937 3.0807088 3.628937 1 P 0
L 3.0807087 3.2874015 3.0807087 3.3070866 1 P 0
L 3.0807087 3.3070866 3.0807087 3.3267717 1 P 0
L 3.0807087 3.3070866 3.1003938 3.3070866 1 P 0
L 3.0925198 3.5324802 3.0925198 3.7253937 1 P 0
L 3.3661417 1.7716535 3.3661417 1.91437 0 P 0
L 3.3661417 1.91437 3.3661417 2.121063 0 P 0
L 3.3661417 2.121063 3.3661417 2.2834645 0 P 0
L 3.3661417 2.2834645 3.3661417 2.5295275 0 P 0
L 3.3661417 2.5295275 3.3661417 2.9822835 0 P 0
L 3.3661417 2.9822835 3.3661417 3.2283465 0 P 0
L 3.3661417 3.2283465 3.3661417 3.390748 0 P 0
L 3.3661417 3.390748 3.3661417 3.597441 0 P 0
L 3.3661417 3.597441 3.3661417 3.7401575 0 P 0
