#Layer_Color=8388736
#
#Feature symbol names
#
$0 r3.937

#
#Feature attribute names
#

#
#Layer features
#
L 1.9070866 2.7273622 1.9070866 2.9793308 0 P 0
L 1.9070866 2.7273622 2.28189 2.7273622 0 P 0
L 1.9070866 2.7923228 2.0944883 2.7923228 0 P 0
L 1.9070866 2.9793308 1.9472441 2.9793308 0 P 0
L 1.9472441 2.7923228 1.9472441 2.9793308 0 P 0
L 1.9726772 2.4535825 1.9726772 2.4590156 0 P 0
L 1.9726772 2.4535825 1.9875985 2.4452754 0 P 0
L 1.9726772 2.4535825 2.1994096 2.4452754 0 P 0
L 1.9726772 2.4590156 1.9875985 2.4673226 0 P 0
L 1.9726772 2.4590156 2.1994096 2.4452754 0 P 0
L 1.9726772 2.4756297 1.9726772 2.4810628 0 P 0
L 1.9726772 2.4756297 1.9875985 2.4673226 0 P 0
L 1.9726772 2.4810628 1.9875985 2.4893699 0 P 0
L 1.9726772 2.4810628 2.2162994 2.4590156 0 P 0
L 1.9726772 2.497677 1.9726772 2.5031101 0 P 0
L 1.9726772 2.497677 1.9875985 2.4893699 0 P 0
L 1.9726772 2.497677 2.2162994 2.4756297 0 P 0
L 1.9726772 2.5031101 1.9875985 2.5114172 0 P 0
L 1.9726772 2.5031101 2.2162994 2.4810628 0 P 0
L 1.9726772 2.5197243 1.9726772 2.5251573 0 P 0
L 1.9726772 2.5197243 1.9875985 2.5114172 0 P 0
L 1.9726772 2.5197243 2.2162994 2.497677 0 P 0
L 1.9726772 2.5251573 1.9875985 2.5334644 0 P 0
L 1.9726772 2.5251573 2.2162994 2.5031101 0 P 0
L 1.9726772 2.5417715 1.9726772 2.5472046 0 P 0
L 1.9726772 2.5417715 1.9875985 2.5334644 0 P 0
L 1.9726772 2.5417715 2.2162994 2.5197243 0 P 0
L 1.9726772 2.5472046 1.9875985 2.5555117 0 P 0
L 1.9726772 2.5472046 2.2162994 2.5251573 0 P 0
L 1.9726772 2.5638188 1.9726772 2.5692518 0 P 0
L 1.9726772 2.5638188 1.9875985 2.5555117 0 P 0
L 1.9726772 2.5638188 2.2162994 2.5417715 0 P 0
L 1.9726772 2.5692518 1.9875985 2.5775589 0 P 0
L 1.9726772 2.5692518 2.2162994 2.5472046 0 P 0
L 1.9726772 2.585866 1.9726772 2.5912991 0 P 0
L 1.9726772 2.585866 1.9875985 2.5775589 0 P 0
L 1.9726772 2.585866 2.2162994 2.5638188 0 P 0
L 1.9726772 2.5912991 1.9876893 2.5996062 0 P 0
L 1.9726772 2.5912991 2.2162994 2.5692518 0 P 0
L 1.9875985 2.4452754 2.1994096 2.4452754 0 P 0
L 1.9875985 2.4673226 2.1994096 2.4452754 0 P 0
L 1.9875985 2.4893699 2.2013781 2.4673226 0 P 0
L 1.9875985 2.5114172 2.2013781 2.4893699 0 P 0
L 1.9875985 2.5334644 2.2013781 2.5114172 0 P 0
L 1.9875985 2.5555117 2.2013781 2.5334644 0 P 0
L 1.9875985 2.5775589 2.2013781 2.5555117 0 P 0
L 1.9876893 2.5996062 2.2013781 2.5775589 0 P 0
L 1.9876893 2.5996062 2.2013781 2.5996062 0 P 0
L 1.9876893 2.5996062 2.2162994 2.585866 0 P 0
L 1.989567 2.4171258 1.989567 2.4452754 0 P 0
L 1.989567 2.4171258 2.1994096 2.4171258 0 P 0
L 1.9895672 2.5996062 1.9981343 2.61437 0 P 0
L 1.9895672 2.5996062 2.2162994 2.5912991 0 P 0
L 1.9981343 2.61437 1.9981343 2.7273622 0 P 0
L 1.9981343 2.61437 2.191074 2.61437 0 P 0
L 2.084595 2.7923228 2.084595 2.8675197 0 P 0
L 2.084595 2.8675197 2.1043816 2.8675197 0 P 0
L 2.0944883 2.7923228 2.0944883 3.0295276 0 P 0
L 2.0944883 2.7923228 2.28189 2.7923228 0 P 0
L 2.1043816 2.7923228 2.1043816 2.8675197 0 P 0
L 2.1910738 2.61437 2.1910738 2.7273622 0 P 0
L 2.1910738 2.61437 2.1994096 2.5996062 0 P 0
L 2.1994096 2.4171258 2.1994096 2.4452754 0 P 0
L 2.1994096 2.4452754 2.2162994 2.4535825 0 P 0
L 2.2013781 2.4673226 2.2162994 2.4590156 0 P 0
L 2.2013781 2.4673226 2.2162994 2.4756297 0 P 0
L 2.2013781 2.4893699 2.2162994 2.4810628 0 P 0
L 2.2013781 2.4893699 2.2162994 2.497677 0 P 0
L 2.2013781 2.5114172 2.2162994 2.5031101 0 P 0
L 2.2013781 2.5114172 2.2162994 2.5197243 0 P 0
L 2.2013781 2.5334644 2.2162994 2.5251573 0 P 0
L 2.2013781 2.5334644 2.2162994 2.5417715 0 P 0
L 2.2013781 2.5555117 2.2162994 2.5472046 0 P 0
L 2.2013781 2.5555117 2.2162994 2.5638188 0 P 0
L 2.2013781 2.5775589 2.2162994 2.5692518 0 P 0
L 2.2013781 2.5775589 2.2162994 2.585866 0 P 0
L 2.2013781 2.5996062 2.2162994 2.5912991 0 P 0
L 2.2162994 2.4535825 2.2162994 2.4590156 0 P 0
L 2.2162994 2.4756297 2.2162994 2.4810628 0 P 0
L 2.2162994 2.497677 2.2162994 2.5031101 0 P 0
L 2.2162994 2.5197243 2.2162994 2.5251573 0 P 0
L 2.2162994 2.5417715 2.2162994 2.5472046 0 P 0
L 2.2162994 2.5638188 2.2162994 2.5692518 0 P 0
L 2.2162994 2.585866 2.2162994 2.5912991 0 P 0
L 2.2417325 2.7923228 2.2417325 2.9793308 0 P 0
L 2.2417325 2.9793308 2.28189 2.9793308 0 P 0
L 2.28189 2.7273622 2.28189 2.9793308 0 P 0
L 2.5448817 2.7293307 2.5448817 2.9812993 0 P 0
L 2.5448817 2.7293307 2.9196851 2.7293307 0 P 0
L 2.5448817 2.7942913 2.7322834 2.7942913 0 P 0
L 2.5448817 2.9812993 2.5850392 2.9812993 0 P 0
L 2.5850392 2.7942913 2.5850392 2.9812993 0 P 0
L 2.6104723 2.455551 2.6104723 2.4609841 0 P 0
L 2.6104723 2.455551 2.6253936 2.4472439 0 P 0
L 2.6104723 2.455551 2.8372047 2.4472439 0 P 0
L 2.6104723 2.4609841 2.6253936 2.4692911 0 P 0
L 2.6104723 2.4609841 2.8372047 2.4472439 0 P 0
L 2.6104723 2.4775982 2.6104723 2.4830313 0 P 0
L 2.6104723 2.4775982 2.6253936 2.4692911 0 P 0
L 2.6104723 2.4830313 2.6253936 2.4913384 0 P 0
L 2.6104723 2.4830313 2.8540945 2.4609841 0 P 0
L 2.6104723 2.4996455 2.6104723 2.5050786 0 P 0
L 2.6104723 2.4996455 2.6253936 2.4913384 0 P 0
L 2.6104723 2.4996455 2.8540945 2.4775982 0 P 0
L 2.6104723 2.5050786 2.6253936 2.5133857 0 P 0
L 2.6104723 2.5050786 2.8540945 2.4830313 0 P 0
L 2.6104723 2.5216928 2.6104723 2.5271258 0 P 0
L 2.6104723 2.5216928 2.6253936 2.5133857 0 P 0
L 2.6104723 2.5216928 2.8540945 2.4996455 0 P 0
L 2.6104723 2.5271258 2.6253936 2.5354329 0 P 0
L 2.6104723 2.5271258 2.8540945 2.5050786 0 P 0
L 2.6104723 2.54374 2.6104723 2.5491731 0 P 0
L 2.6104723 2.54374 2.6253936 2.5354329 0 P 0
L 2.6104723 2.54374 2.8540945 2.5216928 0 P 0
L 2.6104723 2.5491731 2.6253936 2.5574802 0 P 0
L 2.6104723 2.5491731 2.8540945 2.5271258 0 P 0
L 2.6104723 2.5657873 2.6104723 2.5712203 0 P 0
L 2.6104723 2.5657873 2.6253936 2.5574802 0 P 0
L 2.6104723 2.5657873 2.8540945 2.54374 0 P 0
L 2.6104723 2.5712203 2.6253936 2.5795274 0 P 0
L 2.6104723 2.5712203 2.8540945 2.5491731 0 P 0
L 2.6104723 2.5878345 2.6104723 2.5932676 0 P 0
L 2.6104723 2.5878345 2.6253936 2.5795274 0 P 0
L 2.6104723 2.5878345 2.8540945 2.5657873 0 P 0
L 2.6104723 2.5932676 2.6254844 2.6015747 0 P 0
L 2.6104723 2.5932676 2.8540945 2.5712203 0 P 0
L 2.6253936 2.4472439 2.8372047 2.4472439 0 P 0
L 2.6253936 2.4692911 2.8372047 2.4472439 0 P 0
L 2.6253936 2.4913384 2.8391732 2.4692911 0 P 0
L 2.6253936 2.5133857 2.8391732 2.4913384 0 P 0
L 2.6253936 2.5354329 2.8391732 2.5133857 0 P 0
L 2.6253936 2.5574802 2.8391732 2.5354329 0 P 0
L 2.6253936 2.5795274 2.8391732 2.5574802 0 P 0
L 2.6254844 2.6015747 2.8391732 2.5795274 0 P 0
L 2.6254844 2.6015747 2.8391732 2.6015747 0 P 0
L 2.6254844 2.6015747 2.8540945 2.5878345 0 P 0
L 2.6273621 2.4190943 2.6273621 2.4472439 0 P 0
L 2.6273621 2.4190943 2.8372047 2.4190943 0 P 0
L 2.6273623 2.6015747 2.6359294 2.6163385 0 P 0
L 2.6273623 2.6015747 2.8540945 2.5932676 0 P 0
L 2.6359294 2.6163385 2.6359294 2.7293307 0 P 0
L 2.6359294 2.6163385 2.8288691 2.6163385 0 P 0
L 2.7223901 2.7942913 2.7223901 2.8694882 0 P 0
L 2.7223901 2.8694882 2.7421767 2.8694882 0 P 0
L 2.7322834 2.7942913 2.7322834 3.0314961 0 P 0
L 2.7322834 2.7942913 2.9196851 2.7942913 0 P 0
L 2.7421767 2.7942913 2.7421767 2.8694882 0 P 0
L 2.8288689 2.6163385 2.8288689 2.7293307 0 P 0
L 2.8288689 2.6163385 2.8372047 2.6015747 0 P 0
L 2.8372047 2.4190943 2.8372047 2.4472439 0 P 0
L 2.8372047 2.4472439 2.8540945 2.455551 0 P 0
L 2.8391732 2.4692911 2.8540945 2.4609841 0 P 0
L 2.8391732 2.4692911 2.8540945 2.4775982 0 P 0
L 2.8391732 2.4913384 2.8540945 2.4830313 0 P 0
L 2.8391732 2.4913384 2.8540945 2.4996455 0 P 0
L 2.8391732 2.5133857 2.8540945 2.5050786 0 P 0
L 2.8391732 2.5133857 2.8540945 2.5216928 0 P 0
L 2.8391732 2.5354329 2.8540945 2.5271258 0 P 0
L 2.8391732 2.5354329 2.8540945 2.54374 0 P 0
L 2.8391732 2.5574802 2.8540945 2.5491731 0 P 0
L 2.8391732 2.5574802 2.8540945 2.5657873 0 P 0
L 2.8391732 2.5795274 2.8540945 2.5712203 0 P 0
L 2.8391732 2.5795274 2.8540945 2.5878345 0 P 0
L 2.8391732 2.6015747 2.8540945 2.5932676 0 P 0
L 2.8540945 2.455551 2.8540945 2.4609841 0 P 0
L 2.8540945 2.4775982 2.8540945 2.4830313 0 P 0
L 2.8540945 2.4996455 2.8540945 2.5050786 0 P 0
L 2.8540945 2.5216928 2.8540945 2.5271258 0 P 0
L 2.8540945 2.54374 2.8540945 2.5491731 0 P 0
L 2.8540945 2.5657873 2.8540945 2.5712203 0 P 0
L 2.8540945 2.5878345 2.8540945 2.5932676 0 P 0
L 2.8795276 2.7942913 2.8795276 2.9812993 0 P 0
L 2.8795276 2.9812993 2.9196851 2.9812993 0 P 0
L 2.9196851 2.7293307 2.9196851 2.9812993 0 P 0
