#Layer_Color=8388736
#
#Feature symbol names
#
$0 r10
$1 r9.8425
$2 r11.811
$3 r3.937
$4 r3

#
#Feature attribute names
#

#
#Layer features
#
A 2.1532441 2.4152677 2.1532441 2.4152677 2.1492441 2.4152677 2 P 0 N
A 2.1792835 2.9159764 2.1792835 2.9159764 2.1752835 2.9159764 2 P 0 N
A 2.1956693 2.5503937 2.1956693 2.5503937 2.1740157 2.5503937 3 P 0 N
A 2.1976378 2.5503937 2.1976378 2.5503937 2.1740157 2.5503937 3 P 0 N
A 2.4537402 1.6830709 2.4537402 1.6830709 2.4488189 1.6830709 1 P 0 N
A 2.7153544 1.2724409 2.7153544 1.2724409 2.6937008 1.2724409 3 P 0 N
A 2.7173229 1.2724409 2.7173229 1.2724409 2.6937008 1.2724409 3 P 0 N
L 1.9685039 1.1811024 1.9685039 3.1496063 0 P 0
L 1.9685039 1.1811024 3.3464567 1.1811024 0 P 0
L 1.9685039 3.1496063 3.3464567 3.1496063 0 P 0
L 2.1397637 2.5161417 2.1397637 2.6413387 3 P 0
L 2.1397637 2.5161417 2.2933071 2.5161417 3 P 0
L 2.1397637 2.6413387 2.2933071 2.6413387 3 P 0
L 2.1442913 1.4295275 2.1442913 1.6492127 3 P 0
L 2.1442913 1.4295275 2.4541339 1.4295275 3 P 0
L 2.1442913 1.6492127 2.4541339 1.6492127 3 P 0
L 2.151181 2.6413387 2.151181 2.6500001 3 P 0
L 2.151181 2.6500001 2.1732283 2.6500001 3 P 0
L 2.1531496 2.3262677 2.1531496 2.3902677 4 P 0
L 2.1531496 2.3262677 2.1631496 2.3162677 4 P 0
L 2.1531496 2.3902677 2.1631496 2.4002677 4 P 0
L 2.1543576 2.5594731 2.183095 2.5307356 3 P 0
L 2.1631496 2.3162677 2.1931496 2.3162677 4 P 0
L 2.1631496 2.4002677 2.1931496 2.4002677 4 P 0
L 2.1649363 2.5700519 2.1936738 2.5413144 3 P 0
L 2.1732283 2.6413387 2.1732283 2.6500001 3 P 0
L 2.1742126 1.8878028 2.1742126 1.9232284 3 P 0
L 2.1742126 1.8878028 2.2273622 1.8878028 3 P 0
L 2.1742126 1.9232284 2.1820866 1.9232284 3 P 0
L 2.1742126 1.9507874 2.1742126 1.986213 3 P 0
L 2.1742126 1.9507874 2.1820866 1.9507874 3 P 0
L 2.1742126 1.986213 2.2273622 1.986213 3 P 0
L 2.1820866 1.9232284 2.1820866 1.9507874 3 P 0
L 2.1842519 1.2657483 2.1842519 1.2917325 3 P 0
L 2.1842519 1.2657483 2.2141732 1.2657483 3 P 0
L 2.1842519 1.7870077 2.1842519 1.8129919 3 P 0
L 2.1842519 1.8129919 2.2141732 1.8129919 3 P 0
L 2.1902835 2.9298819 2.1902835 2.9598819 4 P 0
L 2.1902835 2.9298819 2.2002835 2.9198819 4 P 0
L 2.1902835 2.9598819 2.2002835 2.9698819 4 P 0
L 2.1902835 2.9798819 2.1902835 3.0098819 4 P 0
L 2.1902835 2.9798819 2.2002835 2.9698819 4 P 0
L 2.1902835 3.0098819 2.2002835 3.0198819 4 P 0
L 2.1902835 3.0298819 2.1902835 3.0598819 4 P 0
L 2.1902835 3.0298819 2.2002835 3.0198819 4 P 0
L 2.1902835 3.0598819 2.2002835 3.0698819 4 P 0
L 2.1909448 2.1023622 2.1909448 2.2125984 3 P 0
L 2.1909448 2.1023622 2.242126 2.1023622 3 P 0
L 2.1909448 2.2125984 2.242126 2.2125984 3 P 0
L 2.1931496 2.3162677 2.2031496 2.3262677 4 P 0
L 2.1931496 2.4002677 2.2031496 2.3902677 4 P 0
L 2.1972441 2.5074803 2.1972441 2.5161417 3 P 0
L 2.1972441 2.5074803 2.2358267 2.5074803 3 P 0
L 2.2002835 2.9198819 2.2642835 2.9198819 4 P 0
L 2.2002835 3.0698819 2.2642835 3.0698819 4 P 0
L 2.2031496 2.3262677 2.2131496 2.3162677 4 P 0
L 2.2031496 2.3902677 2.2131496 2.4002677 4 P 0
L 2.2131496 2.3162677 2.2431496 2.3162677 4 P 0
L 2.2131496 2.4002677 2.2431496 2.4002677 4 P 0
L 2.2141732 1.2657483 2.2141732 1.2917325 3 P 0
L 2.2141732 1.7870077 2.2141732 1.8129919 3 P 0
L 2.2194882 1.9232284 2.2194882 1.9507874 3 P 0
L 2.2194882 1.9232284 2.2273622 1.9232284 3 P 0
L 2.2194882 1.9507874 2.2273622 1.9507874 3 P 0
L 2.2273622 1.8878028 2.2273622 1.9232284 3 P 0
L 2.2273622 1.9507874 2.2273622 1.986213 3 P 0
L 2.2283465 2.8090551 2.2283465 2.8838583 3 P 0
L 2.2283465 2.8090551 2.3622047 2.8090551 3 P 0
L 2.2283465 2.8838583 2.3622047 2.8838583 3 P 0
L 2.2358267 2.5074803 2.2358267 2.5161417 3 P 0
L 2.242126 2.1023622 2.242126 2.2125984 3 P 0
L 2.2431496 2.3162677 2.2531496 2.3262677 4 P 0
L 2.2431496 2.4002677 2.2531496 2.3902677 4 P 0
L 2.2519685 2.7381889 2.2519685 2.7893701 3 P 0
L 2.2519685 2.7381889 2.3622047 2.7381889 3 P 0
L 2.2519685 2.7893701 2.3622047 2.7893701 3 P 0
L 2.2531496 2.3262677 2.2631496 2.3162677 4 P 0
L 2.2531496 2.3902677 2.2631496 2.4002677 4 P 0
L 2.2598425 2.6413387 2.2598425 2.6500001 3 P 0
L 2.2598425 2.6500001 2.2818898 2.6498729 3 P 0
L 2.2631496 2.3162677 2.2931496 2.3162677 4 P 0
L 2.2631496 2.4002677 2.2931496 2.4002677 4 P 0
L 2.2642835 2.9198819 2.2742835 2.9298819 4 P 0
L 2.2642835 2.9698819 2.2742835 2.9598819 4 P 0
L 2.2642835 2.9698819 2.2742835 2.9798819 4 P 0
L 2.2642835 3.0198819 2.2742835 3.0098819 4 P 0
L 2.2642835 3.0198819 2.2742835 3.0298819 4 P 0
L 2.2642835 3.0698819 2.2742835 3.0598819 4 P 0
L 2.2742835 2.9298819 2.2742835 2.9598819 4 P 0
L 2.2742835 2.9798819 2.2742835 3.0098819 4 P 0
L 2.2742835 3.0298819 2.2742835 3.0598819 4 P 0
L 2.277559 2.0866142 2.277559 2.2204724 3 P 0
L 2.277559 2.0866142 2.3523622 2.0866142 3 P 0
L 2.277559 2.2204724 2.3523622 2.2204724 3 P 0
L 2.2818898 2.6413387 2.2818898 2.6498729 3 P 0
L 2.284252 1.2657483 2.284252 1.2917325 3 P 0
L 2.284252 1.2657483 2.3141732 1.2657483 3 P 0
L 2.284252 1.7870077 2.284252 1.8129919 3 P 0
L 2.284252 1.8129919 2.3141732 1.8129919 3 P 0
L 2.2931496 2.3162677 2.3031496 2.3262677 4 P 0
L 2.2931496 2.4002677 2.3031496 2.3902677 4 P 0
L 2.2933071 2.5161417 2.2933071 2.6413387 3 P 0
L 2.3031496 2.3262677 2.3031496 2.3902677 4 P 0
L 2.3080709 1.8878028 2.3080709 1.9232284 3 P 0
L 2.3080709 1.8878028 2.3612205 1.8878028 3 P 0
L 2.3080709 1.9232284 2.3159449 1.9232284 3 P 0
L 2.3080709 1.9507874 2.3080709 1.986213 3 P 0
L 2.3080709 1.9507874 2.3159449 1.9507874 3 P 0
L 2.3080709 1.986213 2.3612205 1.986213 3 P 0
L 2.3141732 1.2657483 2.3141732 1.2917325 3 P 0
L 2.3141732 1.7870077 2.3141732 1.8129919 3 P 0
L 2.3159449 1.9232284 2.3159449 1.9507874 3 P 0
L 2.3425197 2.5452755 2.3425197 2.5964567 3 P 0
L 2.3425197 2.5452755 2.4527559 2.5452755 3 P 0
L 2.3425197 2.5964567 2.4527559 2.5964567 3 P 0
L 2.3480314 2.9655511 2.3480314 3.2175197 3 P 0
L 2.3480314 2.9655511 2.3881889 2.9655511 3 P 0
L 2.3480314 3.1525591 2.5354331 3.1525591 3 P 0
L 2.3480314 3.2175197 2.7228348 3.2175197 3 P 0
L 2.3523622 2.0866142 2.3523622 2.2204724 3 P 0
L 2.3533465 1.9232284 2.3533465 1.9507874 3 P 0
L 2.3533465 1.9232284 2.3612205 1.9232284 3 P 0
L 2.3533465 1.9507874 2.3612205 1.9507874 3 P 0
L 2.3612205 1.8878028 2.3612205 1.9232284 3 P 0
L 2.3612205 1.9507874 2.3612205 1.986213 3 P 0
L 2.3622047 2.7381889 2.3622047 2.7893701 3 P 0
L 2.3622047 2.8090551 2.3622047 2.8838583 3 P 0
L 2.3631873 2.4104299 2.3631873 2.4478315 3 P 0
L 2.3631873 2.4104299 2.4320849 2.4104299 3 P 0
L 2.3631873 2.4478315 2.4320849 2.4478315 3 P 0
L 2.3631907 2.3356331 2.3631907 2.3730347 3 P 0
L 2.3631907 2.3356331 2.4320883 2.3356331 3 P 0
L 2.3631907 2.3730347 2.4320883 2.3730347 3 P 0
L 2.3631907 2.4813024 2.3631907 2.518704 3 P 0
L 2.3631907 2.4813024 2.4320883 2.4813024 3 P 0
L 2.3631907 2.518704 2.4320883 2.518704 3 P 0
L 2.3631907 2.6309087 2.3631907 2.6683103 3 P 0
L 2.3631907 2.6309087 2.4320883 2.6309087 3 P 0
L 2.3631907 2.6683103 2.4320883 2.6683103 3 P 0
L 2.3799212 2.0866142 2.3799212 2.2204724 3 P 0
L 2.3799212 2.0866142 2.4547244 2.0866142 3 P 0
L 2.3799212 2.2204724 2.4547244 2.2204724 3 P 0
L 2.384252 1.2657483 2.384252 1.2917325 3 P 0
L 2.384252 1.2657483 2.4141733 1.2657483 3 P 0
L 2.384252 1.7870077 2.384252 1.8129919 3 P 0
L 2.384252 1.8129919 2.4141733 1.8129919 3 P 0
L 2.3881889 2.9655511 2.3881889 3.1525591 3 P 0
L 2.413622 3.3535828 2.413622 3.3590159 3 P 0
L 2.413622 3.3535828 2.4285433 3.3452757 3 P 0
L 2.413622 3.3535828 2.6403542 3.3452757 3 P 0
L 2.413622 3.3590159 2.4285433 3.367323 3 P 0
L 2.413622 3.3590159 2.6422321 3.3452757 3 P 0
L 2.413622 3.3756301 2.413622 3.3810631 3 P 0
L 2.413622 3.3756301 2.4285433 3.367323 3 P 0
L 2.413622 3.3756301 2.6572442 3.3535828 3 P 0
L 2.413622 3.3810631 2.4285433 3.3893702 3 P 0
L 2.413622 3.3810631 2.6572442 3.3590159 3 P 0
L 2.413622 3.3976773 2.413622 3.4031104 3 P 0
L 2.413622 3.3976773 2.4285433 3.3893702 3 P 0
L 2.413622 3.3976773 2.6572442 3.3756301 3 P 0
L 2.413622 3.4031104 2.4285433 3.4114175 3 P 0
L 2.413622 3.4031104 2.6572442 3.3810631 3 P 0
L 2.413622 3.4197246 2.413622 3.4251576 3 P 0
L 2.413622 3.4197246 2.4285433 3.4114175 3 P 0
L 2.413622 3.4197246 2.6572442 3.3976773 3 P 0
L 2.413622 3.4251576 2.4285433 3.4334647 3 P 0
L 2.413622 3.4251576 2.6572442 3.4031104 3 P 0
L 2.413622 3.4417718 2.413622 3.4472049 3 P 0
L 2.413622 3.4417718 2.4285433 3.4334647 3 P 0
L 2.413622 3.4417718 2.6572442 3.4197246 3 P 0
L 2.413622 3.4472049 2.4285433 3.455512 3 P 0
L 2.413622 3.4472049 2.6572442 3.4251576 3 P 0
L 2.413622 3.4638191 2.413622 3.4692522 3 P 0
L 2.413622 3.4638191 2.4285433 3.455512 3 P 0
L 2.413622 3.4638191 2.6572442 3.4417718 3 P 0
L 2.413622 3.4692522 2.4285433 3.4775593 3 P 0
L 2.413622 3.4692522 2.6572442 3.4472049 3 P 0
L 2.413622 3.4858663 2.413622 3.4912994 3 P 0
L 2.413622 3.4858663 2.4285433 3.4775593 3 P 0
L 2.413622 3.4858663 2.6572442 3.4638191 3 P 0
L 2.413622 3.4912994 2.4305118 3.4996065 3 P 0
L 2.413622 3.4912994 2.6572442 3.4692522 3 P 0
L 2.4141733 1.2657483 2.4141733 1.2917325 3 P 0
L 2.4141733 1.7870077 2.4141733 1.8129919 3 P 0
L 2.4222409 1.9183088 2.4222409 1.9872064 3 P 0
L 2.4222409 1.9183088 2.4596425 1.9183088 3 P 0
L 2.4222409 1.9872064 2.4596425 1.9872064 3 P 0
L 2.4261794 2.8277527 2.4261794 2.8651543 3 P 0
L 2.4261794 2.8277527 2.495077 2.8277527 3 P 0
L 2.4261794 2.8651543 2.495077 2.8651543 3 P 0
L 2.4261828 2.7450819 2.4261828 2.7824835 3 P 0
L 2.4261828 2.7450819 2.4950804 2.7450819 3 P 0
L 2.4261828 2.7824835 2.4950804 2.7824835 3 P 0
L 2.4285433 3.3452757 2.6422321 3.3452757 3 P 0
L 2.4285433 3.367323 2.6422321 3.3452757 3 P 0
L 2.4285433 3.3893702 2.6423229 3.367323 3 P 0
L 2.4285433 3.4114175 2.6423229 3.3893702 3 P 0
L 2.4285433 3.4334647 2.6423229 3.4114175 3 P 0
L 2.4285433 3.455512 2.6423229 3.4334647 3 P 0
L 2.4285433 3.4775593 2.6423229 3.455512 3 P 0
L 2.4305118 3.3452757 2.4388476 3.3305119 3 P 0
L 2.4305118 3.4996065 2.4305118 3.5277561 3 P 0
L 2.4305118 3.4996065 2.6423229 3.4775593 3 P 0
L 2.4305118 3.4996065 2.6423229 3.4996065 3 P 0
L 2.4305118 3.4996065 2.6572442 3.4858663 3 P 0
L 2.4305118 3.4996065 2.6572442 3.4912994 3 P 0
L 2.4305118 3.5277561 2.6403544 3.5277561 3 P 0
L 2.4320849 2.4104299 2.4320849 2.4478315 3 P 0
L 2.4320883 2.3356331 2.4320883 2.3730347 3 P 0
L 2.4320883 2.4813024 2.4320883 2.518704 3 P 0
L 2.4320883 2.6309087 2.4320883 2.6683103 3 P 0
L 2.4388474 3.3305119 2.6317871 3.3305119 3 P 0
L 2.4388476 3.2175197 2.4388476 3.3305119 3 P 0
L 2.4527559 2.5452755 2.4527559 2.5964567 3 P 0
L 2.4541339 1.4295275 2.4541339 1.6492127 3 P 0
L 2.4547244 2.0866142 2.4547244 2.2204724 3 P 0
L 2.4596425 1.9183088 2.4596425 1.9872064 3 P 0
L 2.4862204 2.1023622 2.4862204 2.2125984 3 P 0
L 2.4862204 2.1023622 2.5374016 2.1023622 3 P 0
L 2.4862204 2.2125984 2.5374016 2.2125984 3 P 0
L 2.4940944 1.4606299 2.4940944 1.5708661 3 P 0
L 2.4940944 1.4606299 2.5452756 1.4606299 3 P 0
L 2.4940944 1.5708661 2.5452756 1.5708661 3 P 0
L 2.4940944 1.6023622 2.4940944 1.7125984 3 P 0
L 2.4940944 1.6023622 2.5452756 1.6023622 3 P 0
L 2.4940944 1.7125984 2.5452756 1.7125984 3 P 0
L 2.495077 2.8277527 2.495077 2.8651543 3 P 0
L 2.4950804 2.7450819 2.4950804 2.7824835 3 P 0
L 2.5127985 1.9183054 2.5127985 1.987203 3 P 0
L 2.5127985 1.9183054 2.5502001 1.9183054 3 P 0
L 2.5127985 1.987203 2.5502001 1.987203 3 P 0
L 2.5236221 1.281496 2.5236221 1.3326772 3 P 0
L 2.5236221 1.281496 2.6338583 1.281496 3 P 0
L 2.5236221 1.3326772 2.6338583 1.3326772 3 P 0
L 2.5255398 3.0773622 2.5255398 3.1525591 3 P 0
L 2.5255398 3.0773622 2.5453264 3.0773622 3 P 0
L 2.5354331 2.9153543 2.5354331 3.1525591 3 P 0
L 2.5354331 3.1525591 2.7228348 3.1525591 3 P 0
L 2.5374016 2.1023622 2.5374016 2.2125984 3 P 0
L 2.5442931 1.3671227 2.5442931 1.4045243 3 P 0
L 2.5442931 1.3671227 2.6131907 1.3671227 3 P 0
L 2.5442931 1.4045243 2.6131907 1.4045243 3 P 0
L 2.5452756 1.4606299 2.5452756 1.5708661 3 P 0
L 2.5452756 1.6023622 2.5452756 1.7125984 3 P 0
L 2.5453264 3.0773622 2.5453264 3.1525591 3 P 0
L 2.5502001 1.9183054 2.5502001 1.987203 3 P 0
L 2.5797227 2.8277527 2.5797227 2.8651543 3 P 0
L 2.5797227 2.8277527 2.6486203 2.8277527 3 P 0
L 2.5797227 2.8651543 2.6486203 2.8651543 3 P 0
L 2.5940944 1.2496062 2.5940944 1.2716535 3 P 0
L 2.5940944 1.2496062 2.6027558 1.2496062 3 P 0
L 2.5940944 1.2716535 2.6027558 1.2716535 3 P 0
L 2.5940944 1.3582677 2.5942216 1.380315 3 P 0
L 2.5940944 1.3582677 2.6027558 1.3582677 3 P 0
L 2.5942216 1.380315 2.6027558 1.380315 3 P 0
L 2.6003936 1.6023622 2.6003936 1.7125984 3 P 0
L 2.6003936 1.6023622 2.6515748 1.6023622 3 P 0
L 2.6003936 1.7125984 2.6515748 1.7125984 3 P 0
L 2.6027558 1.2381889 2.6027558 1.3917323 3 P 0
L 2.6027558 1.2381889 2.7279528 1.2381889 3 P 0
L 2.6027558 1.3917323 2.7279528 1.3917323 3 P 0
L 2.6131907 1.3671227 2.6131907 1.4045243 3 P 0
L 2.6317871 3.2175197 2.6317871 3.3305119 3 P 0
L 2.6317871 3.3305119 2.6403542 3.3452757 3 P 0
L 2.6338583 1.281496 2.6338583 1.3326772 3 P 0
L 2.6403544 3.4996065 2.6403544 3.5277561 3 P 0
L 2.6422321 3.3452757 2.6572442 3.3535828 3 P 0
L 2.6423229 3.367323 2.6572442 3.3590159 3 P 0
L 2.6423229 3.367323 2.6572442 3.3756301 3 P 0
L 2.6423229 3.3893702 2.6572442 3.3810631 3 P 0
L 2.6423229 3.3893702 2.6572442 3.3976773 3 P 0
L 2.6423229 3.4114175 2.6572442 3.4031104 3 P 0
L 2.6423229 3.4114175 2.6572442 3.4197246 3 P 0
L 2.6423229 3.4334647 2.6572442 3.4251576 3 P 0
L 2.6423229 3.4334647 2.6572442 3.4417718 3 P 0
L 2.6423229 3.455512 2.6572442 3.4472049 3 P 0
L 2.6423229 3.455512 2.6572442 3.4638191 3 P 0
L 2.6423229 3.4775593 2.6572442 3.4692522 3 P 0
L 2.6423229 3.4775593 2.6572442 3.4858663 3 P 0
L 2.6423229 3.4996065 2.6572442 3.4912994 3 P 0
L 2.6486203 2.8277527 2.6486203 2.8651543 3 P 0
L 2.6515748 1.6023622 2.6515748 1.7125984 3 P 0
L 2.6535433 1.4389764 2.6535433 1.5137796 3 P 0
L 2.6535433 1.4389764 2.7874015 1.4389764 3 P 0
L 2.6535433 1.5137796 2.7874015 1.5137796 3 P 0
L 2.6572442 3.3535828 2.6572442 3.3590159 3 P 0
L 2.6572442 3.3756301 2.6572442 3.3810631 3 P 0
L 2.6572442 3.3976773 2.6572442 3.4031104 3 P 0
L 2.6572442 3.4197246 2.6572442 3.4251576 3 P 0
L 2.6572442 3.4417718 2.6572442 3.4472049 3 P 0
L 2.6572442 3.4638191 2.6572442 3.4692522 3 P 0
L 2.6572442 3.4858663 2.6572442 3.4912994 3 P 0
L 2.6653543 1.281496 2.6653543 1.3326772 3 P 0
L 2.6653543 1.281496 2.7755905 1.281496 3 P 0
L 2.6653543 1.3326772 2.7755905 1.3326772 3 P 0
L 2.6740426 1.2633615 2.7027801 1.292099 3 P 0
L 2.6791338 1.6023622 2.6791338 1.7125984 3 P 0
L 2.6791338 1.6023622 2.730315 1.6023622 3 P 0
L 2.6791338 1.7125984 2.730315 1.7125984 3 P 0
L 2.6826773 2.9655511 2.6826773 3.1525591 3 P 0
L 2.6826773 2.9655511 2.7228348 2.9655511 3 P 0
L 2.6846214 1.2527828 2.7133589 1.2815202 3 P 0
L 2.6860253 1.3710598 2.6860253 1.4084614 3 P 0
L 2.6860253 1.3710598 2.7549229 1.3710598 3 P 0
L 2.6860253 1.4084614 2.7549229 1.4084614 3 P 0
L 2.6938944 2.0718521 2.6938944 2.1407497 3 P 0
L 2.6938944 2.0718521 2.731296 2.0718521 3 P 0
L 2.6938944 2.1407497 2.731296 2.1407497 3 P 0
L 2.7204725 1.8582677 2.7204725 1.9763779 3 P 0
L 2.7204725 1.8582677 2.8385827 1.8582677 3 P 0
L 2.7204725 1.9763779 2.8385827 1.9763779 3 P 0
L 2.7228348 2.9655511 2.7228348 3.2175197 3 P 0
L 2.7279528 1.2381889 2.7279528 1.3917323 3 P 0
L 2.7279528 1.2956693 2.7366142 1.2956693 3 P 0
L 2.7279528 1.3342519 2.7366142 1.3342519 3 P 0
L 2.730315 1.6023622 2.730315 1.7125984 3 P 0
L 2.731296 2.0718521 2.731296 2.1407497 3 P 0
L 2.7366142 1.2956693 2.7366142 1.3342519 3 P 0
L 2.7549229 1.3710598 2.7549229 1.4084614 3 P 0
L 2.7578739 1.6023622 2.7578739 1.7125984 3 P 0
L 2.7578739 1.6023622 2.8090551 1.6023622 3 P 0
L 2.7578739 1.7125984 2.8090551 1.7125984 3 P 0
L 2.764767 2.0718487 2.764767 2.1407463 3 P 0
L 2.764767 2.0718487 2.8021686 2.0718487 3 P 0
L 2.764767 2.1407463 2.8021686 2.1407463 3 P 0
L 2.7755905 1.281496 2.7755905 1.3326772 3 P 0
L 2.7795276 2.7106299 2.7795276 2.7854331 3 P 0
L 2.7795276 2.7106299 2.9133858 2.7106299 3 P 0
L 2.7795276 2.7854331 2.9133858 2.7854331 3 P 0
L 2.7874015 1.4389764 2.7874015 1.5137796 3 P 0
L 2.7992126 1.9763779 2.8385827 1.9370078 3 P 0
L 2.8021686 2.0718487 2.8021686 2.1407463 3 P 0
L 2.8031496 1.9763779 2.8385827 1.9409448 3 P 0
L 2.8041322 2.8159417 2.8041322 2.8533433 3 P 0
L 2.8041322 2.8159417 2.8730298 2.8159417 3 P 0
L 2.8041322 2.8533433 2.8730298 2.8533433 3 P 0
L 2.8041322 2.8907448 2.8041322 2.9281464 3 P 0
L 2.8041322 2.8907448 2.8730298 2.8907448 3 P 0
L 2.8041322 2.9281464 2.8730298 2.9281464 3 P 0
L 2.8070867 1.9763779 2.8385827 1.9448819 3 P 0
L 2.8090551 1.6023622 2.8090551 1.7125984 3 P 0
L 2.8110237 1.9763779 2.8385827 1.9488189 3 P 0
L 2.8149607 1.9763779 2.8385827 1.9527559 3 P 0
L 2.8188977 1.9763779 2.8385827 1.9566929 3 P 0
L 2.8228347 1.9763779 2.8385827 1.9606299 3 P 0
L 2.8267717 1.9763779 2.8385827 1.9645669 3 P 0
L 2.8307087 1.9763779 2.8385827 1.9685039 3 P 0
L 2.8346457 1.9763779 2.8385827 1.9724409 3 P 0
L 2.8356331 2.0718487 2.8356331 2.1407463 3 P 0
L 2.8356331 2.0718487 2.8730347 2.0718487 3 P 0
L 2.8356331 2.1407463 2.8730347 2.1407463 3 P 0
L 2.8385827 1.8582677 2.8385827 1.9763779 3 P 0
L 2.8730298 2.8159417 2.8730298 2.8533433 3 P 0
L 2.8730298 2.8907448 2.8730298 2.9281464 3 P 0
L 2.8730347 2.0718487 2.8730347 2.1407463 3 P 0
L 2.9133858 2.7106299 2.9133858 2.7854331 3 P 0
L 2.9448819 2.1948818 2.9448819 2.246063 3 P 0
L 2.9448819 2.1948818 3.0551181 2.1948818 3 P 0
L 2.9448819 2.246063 3.0551181 2.246063 3 P 0
L 2.9448819 2.5334645 2.9448819 2.5846457 3 P 0
L 2.9448819 2.5334645 3.0551181 2.5334645 3 P 0
L 2.9448819 2.5846457 3.0551181 2.5846457 3 P 0
L 2.9448819 2.6082677 2.9448819 2.6594489 3 P 0
L 2.9448819 2.6082677 3.0551181 2.6082677 3 P 0
L 2.9448819 2.6594489 3.0551181 2.6594489 3 P 0
L 2.9448819 2.7106299 2.9448819 2.7854331 3 P 0
L 2.9448819 2.7106299 3.0787401 2.7106299 3 P 0
L 2.9448819 2.7854331 3.0787401 2.7854331 3 P 0
L 2.9655495 2.2805085 2.9655495 2.3179101 3 P 0
L 2.9655495 2.2805085 3.0344471 2.2805085 3 P 0
L 2.9655495 2.3179101 3.0344471 2.3179101 3 P 0
L 2.9655495 2.3671228 2.9655495 2.4045244 3 P 0
L 2.9655495 2.3671228 3.0344471 2.3671228 3 P 0
L 2.9655495 2.4045244 3.0344471 2.4045244 3 P 0
L 2.9655495 2.4458629 2.9655495 2.4832645 3 P 0
L 2.9655495 2.4458629 3.0344471 2.4458629 3 P 0
L 2.9655495 2.4832645 3.0344471 2.4832645 3 P 0
L 2.9694865 1.8159417 2.9694865 1.8533433 3 P 0
L 2.9694865 1.8159417 3.0383841 1.8159417 3 P 0
L 2.9694865 1.8533433 3.0383841 1.8533433 3 P 0
L 2.9694865 1.961611 2.9694865 1.9990126 3 P 0
L 2.9694865 1.961611 3.0383841 1.961611 3 P 0
L 2.9694865 1.9990126 3.0383841 1.9990126 3 P 0
L 2.9694899 1.8868142 2.9694899 1.9242158 3 P 0
L 2.9694899 1.8868142 3.0383875 1.8868142 3 P 0
L 2.9694899 1.9242158 3.0383875 1.9242158 3 P 0
L 2.9694899 2.0364205 2.9694899 2.0738221 3 P 0
L 2.9694899 2.0364205 3.0383875 2.0364205 3 P 0
L 2.9694899 2.0738221 3.0383875 2.0738221 3 P 0
L 2.9852379 2.8159481 2.9852379 2.8533497 3 P 0
L 2.9852379 2.8159481 3.0541355 2.8159481 3 P 0
L 2.9852379 2.8533497 3.0541355 2.8533497 3 P 0
L 2.9852379 2.8907512 2.9852379 2.9281528 3 P 0
L 2.9852379 2.8907512 3.0541355 2.8907512 3 P 0
L 2.9852379 2.9281528 3.0541355 2.9281528 3 P 0
L 3.0344471 2.2805085 3.0344471 2.3179101 3 P 0
L 3.0344471 2.3671228 3.0344471 2.4045244 3 P 0
L 3.0344471 2.4458629 3.0344471 2.4832645 3 P 0
L 3.0383841 1.8159417 3.0383841 1.8533433 3 P 0
L 3.0383841 1.961611 3.0383841 1.9990126 3 P 0
L 3.0383875 1.8868142 3.0383875 1.9242158 3 P 0
L 3.0383875 2.0364205 3.0383875 2.0738221 3 P 0
L 3.0541355 2.8159481 3.0541355 2.8533497 3 P 0
L 3.0541355 2.8907512 3.0541355 2.9281528 3 P 0
L 3.0551181 2.1948818 3.0551181 2.246063 3 P 0
L 3.0551181 2.5334645 3.0551181 2.5846457 3 P 0
L 3.0551181 2.6082677 3.0551181 2.6594489 3 P 0
L 3.0787401 2.7106299 3.0787401 2.7854331 3 P 0
L 3.3464567 1.1811024 3.3464567 3.1496063 0 P 0
