#Layer_Color=65535
#
#Feature symbol names
#
$0 r9.8425
$1 r7.874
$2 r5.9055
$3 r3.937

#
#Feature attribute names
#

#
#Layer features
#
A 0.4318898 1.2253936 0.4318898 1.2253936 0.4269685 1.2253936 0 P 0 N
A 0.4324804 1.7076773 0.4324804 1.7076773 0.4275591 1.7076773 0 P 0 N
A 0.7234252 0.8413387 0.7234252 0.8413387 0.7194882 0.8413387 0 P 0 N
A 0.7322834 0.8590552 0.7135826 0.877756 0.7135826 0.8590552 1 P 0 N
A 0.8511811 1.492126 0.8511811 1.492126 0.8462598 1.492126 0 P 0 N
A 1.0206692 1.1188976 1.0206692 1.1188976 1.0167322 1.1188976 0 P 0 N
A 1.0295274 1.1366141 1.0108266 1.1553149 1.0108266 1.1366141 1 P 0 N
L 0.1732283 0.0118504 0.1732283 0.8668504 3 P 0
L 0.1732283 0.0118504 0.4732283 0.0118504 3 P 0
L 0.1732283 0.8668504 0.4732283 0.8668504 3 P 0
L 0.1761811 0.8877953 0.1840551 0.8799213 2 P 0
L 0.1761811 1.0216535 0.1840551 1.0295275 2 P 0
L 0.1840551 0.8799213 0.2470473 0.8799213 2 P 0
L 0.1840551 1.0295275 0.2470473 1.0295275 2 P 0
L 0.1872835 1.1077559 0.1972835 1.0977559 1 P 0
L 0.1872835 1.2977559 0.1972835 1.3077559 1 P 0
L 0.1972835 1.0977559 0.2672835 1.0977559 1 P 0
L 0.1972835 1.3077559 0.2672835 1.3077559 1 P 0
L 0.2456692 1.964567 0.2456692 2.0295276 1 P 0
L 0.2456692 1.964567 0.3882954 1.964567 1 P 0
L 0.2456692 2.0295276 0.6204726 2.0295276 1 P 0
L 0.2470473 0.8799213 0.2549213 0.8877953 2 P 0
L 0.2470473 1.0295275 0.2549213 1.0216535 2 P 0
L 0.2672835 1.0977559 0.2772835 1.1077559 1 P 0
L 0.2672835 1.3077559 0.2772835 1.2977559 1 P 0
L 0.273622 0.8877953 0.281496 0.8799213 2 P 0
L 0.273622 1.0216535 0.281496 1.0295275 2 P 0
L 0.2785433 1.3976378 0.2785433 1.4616142 1 P 0
L 0.2785433 1.4616142 0.2962598 1.4616142 1 P 0
L 0.2795276 1.5147639 0.343504 1.5147639 1 P 0
L 0.2795276 1.6171261 0.343504 1.6171261 1 P 0
L 0.281496 0.8799213 0.3444882 0.8799213 2 P 0
L 0.281496 1.0295275 0.3444882 1.0295275 2 P 0
L 0.3014567 1.1107087 0.3114567 1.1007087 1 P 0
L 0.3014567 1.3007087 0.3114567 1.3107087 1 P 0
L 0.3112598 2.1655907 0.3112598 2.1710238 1 P 0
L 0.3112598 2.1655907 0.3261811 2.1572836 1 P 0
L 0.3112598 2.1655907 0.537992 2.1572836 1 P 0
L 0.3112598 2.1710238 0.3261811 2.1793309 1 P 0
L 0.3112598 2.1710238 0.5398699 2.1572836 1 P 0
L 0.3112598 2.187638 0.3112598 2.193071 1 P 0
L 0.3112598 2.187638 0.3261811 2.1793309 1 P 0
L 0.3112598 2.187638 0.554882 2.1655907 1 P 0
L 0.3112598 2.193071 0.3261811 2.2013781 1 P 0
L 0.3112598 2.193071 0.554882 2.1710238 1 P 0
L 0.3112598 2.2096852 0.3112598 2.2151183 1 P 0
L 0.3112598 2.2096852 0.3261811 2.2013781 1 P 0
L 0.3112598 2.2096852 0.554882 2.187638 1 P 0
L 0.3112598 2.2151183 0.3261811 2.2234254 1 P 0
L 0.3112598 2.2151183 0.554882 2.193071 1 P 0
L 0.3112598 2.2317325 0.3112598 2.2371655 1 P 0
L 0.3112598 2.2317325 0.3261811 2.2234254 1 P 0
L 0.3112598 2.2317325 0.554882 2.2096852 1 P 0
L 0.3112598 2.2371655 0.3261811 2.2454726 1 P 0
L 0.3112598 2.2371655 0.554882 2.2151183 1 P 0
L 0.3112598 2.2537797 0.3112598 2.2592128 1 P 0
L 0.3112598 2.2537797 0.3261811 2.2454726 1 P 0
L 0.3112598 2.2537797 0.554882 2.2317325 1 P 0
L 0.3112598 2.2592128 0.3261811 2.2675199 1 P 0
L 0.3112598 2.2592128 0.554882 2.2371655 1 P 0
L 0.3112598 2.275827 0.3112598 2.2812601 1 P 0
L 0.3112598 2.275827 0.3261811 2.2675199 1 P 0
L 0.3112598 2.275827 0.554882 2.2537797 1 P 0
L 0.3112598 2.2812601 0.3261811 2.2895672 1 P 0
L 0.3112598 2.2812601 0.554882 2.2592128 1 P 0
L 0.3112598 2.2978742 0.3112598 2.3033073 1 P 0
L 0.3112598 2.2978742 0.3261811 2.2895672 1 P 0
L 0.3112598 2.2978742 0.554882 2.275827 1 P 0
L 0.3112598 2.3033073 0.3281496 2.3116144 1 P 0
L 0.3112598 2.3033073 0.554882 2.2812601 1 P 0
L 0.3114567 1.1007087 0.3814567 1.1007087 1 P 0
L 0.3114567 1.3107087 0.3814567 1.3107087 1 P 0
L 0.3261811 2.1572836 0.5398699 2.1572836 1 P 0
L 0.3261811 2.1793309 0.5398699 2.1572836 1 P 0
L 0.3261811 2.2013781 0.5399607 2.1793309 1 P 0
L 0.3261811 2.2234254 0.5399607 2.2013781 1 P 0
L 0.3261811 2.2454726 0.5399607 2.2234254 1 P 0
L 0.3261811 2.2675199 0.5399607 2.2454726 1 P 0
L 0.3261811 2.2895672 0.5399607 2.2675199 1 P 0
L 0.3281496 2.1572836 0.3364854 2.1425198 1 P 0
L 0.3281496 2.3116144 0.3281496 2.339764 1 P 0
L 0.3281496 2.3116144 0.5399607 2.2895672 1 P 0
L 0.3281496 2.3116144 0.5399607 2.3116144 1 P 0
L 0.3281496 2.3116144 0.554882 2.2978742 1 P 0
L 0.3281496 2.3116144 0.554882 2.3033073 1 P 0
L 0.3281496 2.339764 0.5379922 2.339764 1 P 0
L 0.3364852 2.1425198 0.5294249 2.1425198 1 P 0
L 0.3364854 2.0295276 0.3364854 2.1425198 1 P 0
L 0.343504 1.5147639 0.343504 1.5324804 1 P 0
L 0.343504 1.5994096 0.343504 1.6171261 1 P 0
L 0.3444882 0.8799213 0.3523622 0.8877953 2 P 0
L 0.3444882 1.0295275 0.3523622 1.0216535 2 P 0
L 0.363189 1.4616142 0.3809055 1.4616142 1 P 0
L 0.3700787 0.8868111 0.3779527 0.8789371 2 P 0
L 0.3700787 1.0206693 0.3779527 1.0285433 2 P 0
L 0.3779527 0.8789371 0.4409449 0.8789371 2 P 0
L 0.3779527 1.0285433 0.4409449 1.0285433 2 P 0
L 0.3809055 1.3976378 0.3809055 1.4616142 1 P 0
L 0.3814567 1.1007087 0.3914567 1.1107087 1 P 0
L 0.3814567 1.3107087 0.3914567 1.3007087 1 P 0
L 0.4370079 1.2748818 0.4370079 1.3648818 2 P 0
L 0.4370079 1.2748818 0.6338583 1.2748818 2 P 0
L 0.4370079 1.3648818 0.6338583 1.3648818 2 P 0
L 0.4409449 0.8789371 0.4488189 0.8868111 2 P 0
L 0.4409449 1.0285433 0.4488189 1.0206693 2 P 0
L 0.4620079 1.5265748 0.5596457 1.5265748 1 P 0
L 0.4620079 1.7037402 0.5596457 1.7037402 1 P 0
L 0.4732283 0.0118504 0.4732283 0.8668504 3 P 0
L 0.4778464 1.964567 0.6204726 1.964567 1 P 0
L 0.4842519 0.0669292 0.4921259 0.0590552 2 P 0
L 0.4842519 0.2007874 0.4921259 0.2086614 2 P 0
L 0.4905512 0.3265748 0.4905512 0.7265748 1 P 0
L 0.4905512 0.3265748 0.6905512 0.3265748 1 P 0
L 0.4905512 0.7265748 0.6905512 0.7265748 1 P 0
L 0.4921259 0.0590552 0.5551181 0.0590552 2 P 0
L 0.4921259 0.2086614 0.5551181 0.2086614 2 P 0
L 0.5059056 0.2391732 0.5059056 0.3021654 2 P 0
L 0.5059056 0.2391732 0.5137796 0.2312992 2 P 0
L 0.5059056 0.3021654 0.5137796 0.3100394 2 P 0
L 0.5275591 0.8897638 0.5275591 0.952756 2 P 0
L 0.5275591 0.8897638 0.5354331 0.8818898 2 P 0
L 0.5275591 0.952756 0.5354331 0.96063 2 P 0
L 0.5294249 2.0295276 0.5294249 2.1425198 1 P 0
L 0.5294249 2.1425198 0.537992 2.1572836 1 P 0
L 0.5334646 1.0787401 0.5334646 1.1417323 2 P 0
L 0.5334646 1.0787401 0.5413386 1.0708661 2 P 0
L 0.5334646 1.1417323 0.5413386 1.1496063 2 P 0
L 0.5354331 0.9842519 0.5354331 1.0472441 2 P 0
L 0.5354331 0.9842519 0.5433071 0.9763779 2 P 0
L 0.5354331 1.0472441 0.5433071 1.0551181 2 P 0
L 0.5379922 2.3116144 0.5379922 2.339764 1 P 0
L 0.5398699 2.1572836 0.554882 2.1655907 1 P 0
L 0.5399607 2.1793309 0.554882 2.1710238 1 P 0
L 0.5399607 2.1793309 0.554882 2.187638 1 P 0
L 0.5399607 2.2013781 0.554882 2.193071 1 P 0
L 0.5399607 2.2013781 0.554882 2.2096852 1 P 0
L 0.5399607 2.2234254 0.554882 2.2151183 1 P 0
L 0.5399607 2.2234254 0.554882 2.2317325 1 P 0
L 0.5399607 2.2454726 0.554882 2.2371655 1 P 0
L 0.5399607 2.2454726 0.554882 2.2537797 1 P 0
L 0.5399607 2.2675199 0.554882 2.2592128 1 P 0
L 0.5399607 2.2675199 0.554882 2.275827 1 P 0
L 0.5399607 2.2895672 0.554882 2.2812601 1 P 0
L 0.5399607 2.2895672 0.554882 2.2978742 1 P 0
L 0.5399607 2.3116144 0.554882 2.3033073 1 P 0
L 0.554882 2.1655907 0.554882 2.1710238 1 P 0
L 0.554882 2.187638 0.554882 2.193071 1 P 0
L 0.554882 2.2096852 0.554882 2.2151183 1 P 0
L 0.554882 2.2317325 0.554882 2.2371655 1 P 0
L 0.554882 2.2537797 0.554882 2.2592128 1 P 0
L 0.554882 2.275827 0.554882 2.2812601 1 P 0
L 0.554882 2.2978742 0.554882 2.3033073 1 P 0
L 0.5551181 0.0590552 0.5629921 0.0669292 2 P 0
L 0.5551181 0.2086614 0.5629921 0.2007874 2 P 0
L 0.5561024 0.7706693 0.5561024 0.7746063 2 P 0
L 0.5561024 0.7706693 0.5600394 0.7667323 2 P 0
L 0.5561024 0.7746063 0.5561024 0.8061023 2 P 0
L 0.5561024 0.8061023 0.5561024 0.8100393 2 P 0
L 0.5561024 0.8100393 0.5600394 0.8139763 2 P 0
L 0.5561024 0.827756 0.5561024 0.831693 2 P 0
L 0.5561024 0.827756 0.5600394 0.823819 2 P 0
L 0.5561024 0.831693 0.5561024 0.863189 2 P 0
L 0.5561024 0.863189 0.5561024 0.867126 2 P 0
L 0.5561024 0.867126 0.5600394 0.871063 2 P 0
L 0.5596457 1.5265748 0.5596457 1.5698819 1 P 0
L 0.5596457 1.6604331 0.5596457 1.7037402 1 P 0
L 0.6204726 1.964567 0.6204726 2.0295276 1 P 0
L 0.6338583 1.2748818 0.6338583 1.3648818 2 P 0
L 0.6476378 0.2312992 0.6555118 0.2391732 2 P 0
L 0.6476378 0.3100394 0.6555118 0.3021654 2 P 0
L 0.6555118 0.2391732 0.6555118 0.3021654 2 P 0
L 0.6692913 0.8818898 0.6771653 0.8897638 2 P 0
L 0.6692913 0.96063 0.6771653 0.952756 2 P 0
L 0.6751968 1.0708661 0.6830708 1.0787401 2 P 0
L 0.6751968 1.1496063 0.6830708 1.1417323 2 P 0
L 0.6751969 0.0344488 0.6791339 0.0305118 2 P 0
L 0.6751969 0.152559 0.6791339 0.156496 2 P 0
L 0.6771653 0.8897638 0.6771653 0.952756 2 P 0
L 0.6771653 0.9763779 0.6850393 0.9842519 2 P 0
L 0.6771653 1.0551181 0.6850393 1.0472441 2 P 0
L 0.6781496 0.7667323 0.6820866 0.7706693 2 P 0
L 0.6781496 0.8139763 0.6820866 0.8100393 2 P 0
L 0.6781496 0.823819 0.6820866 0.827756 2 P 0
L 0.6781496 0.871063 0.6820866 0.867126 2 P 0
L 0.6791339 0.0305118 0.6830709 0.0305118 2 P 0
L 0.6791339 0.156496 0.6830709 0.156496 2 P 0
L 0.6791339 1.6269685 0.6791339 1.644685 1 P 0
L 0.6791339 1.6269685 0.7431103 1.6269685 1 P 0
L 0.6791339 1.7116142 0.6791339 1.7293307 1 P 0
L 0.6791339 1.7293307 0.7431103 1.7293307 1 P 0
L 0.6797717 1.8716063 0.6797717 1.9276063 2 P 0
L 0.6797717 1.8716063 0.6987717 1.8526063 2 P 0
L 0.6797717 1.9276063 0.6987717 1.9466063 2 P 0
L 0.6820866 0.7706693 0.6820866 0.7746063 2 P 0
L 0.6820866 0.7746063 0.6820866 0.8061023 2 P 0
L 0.6820866 0.8061023 0.6820866 0.8100393 2 P 0
L 0.6820866 0.827756 0.6820866 0.831693 2 P 0
L 0.6820866 0.831693 0.6820866 0.863189 2 P 0
L 0.6820866 0.863189 0.6820866 0.867126 2 P 0
L 0.6830708 1.0787401 0.6830708 1.1417323 2 P 0
L 0.6830709 0.0305118 0.7145669 0.0305118 2 P 0
L 0.6830709 0.156496 0.7145669 0.156496 2 P 0
L 0.6850393 0.9842519 0.6850393 1.0472441 2 P 0
L 0.6905512 0.3265748 0.6905512 0.7265748 1 P 0
L 0.6987717 1.8526063 0.7547717 1.8526063 2 P 0
L 0.6987717 1.9466063 0.7547717 1.9466063 2 P 0
L 0.7070866 0.3265748 0.7070866 0.7265748 1 P 0
L 0.7070866 0.3265748 0.9070866 0.3265748 1 P 0
L 0.7070866 0.7265748 0.9070866 0.7265748 1 P 0
L 0.7135826 0.8590552 0.7135826 0.877756 1 P 0
L 0.7135826 0.8590552 0.7322834 0.8590552 1 P 0
L 0.7135826 1.0017717 0.7135826 1.0204725 1 P 0
L 0.7135826 1.0204725 0.7322834 1.0204725 1 P 0
L 0.7135827 1.0875985 0.7214567 1.0797245 2 P 0
L 0.7135827 1.2214567 0.7214567 1.2293307 2 P 0
L 0.7145669 0.0305118 0.7185039 0.0305118 2 P 0
L 0.7145669 0.156496 0.7185039 0.156496 2 P 0
L 0.7185039 0.0305118 0.7224409 0.0344488 2 P 0
L 0.7185039 0.156496 0.7224409 0.152559 2 P 0
L 0.7214567 1.0797245 0.7844489 1.0797245 2 P 0
L 0.7214567 1.2293307 0.7844489 1.2293307 2 P 0
L 0.738189 0.7549213 0.738189 0.7588583 2 P 0
L 0.738189 0.7549213 0.742126 0.7509843 2 P 0
L 0.738189 0.7588583 0.738189 0.7903543 2 P 0
L 0.738189 0.7903543 0.738189 0.7942913 2 P 0
L 0.738189 0.7942913 0.742126 0.7982283 2 P 0
L 0.7547717 1.8526063 0.7737717 1.8716063 2 P 0
L 0.7547717 1.9466063 0.7737717 1.9276063 2 P 0
L 0.7618111 0.2391732 0.7618111 0.3021654 2 P 0
L 0.7618111 0.2391732 0.7696851 0.2312992 2 P 0
L 0.7618111 0.3021654 0.7696851 0.3100394 2 P 0
L 0.7767717 1.8746063 0.7767717 1.9246063 2 P 0
L 0.7797717 1.8716063 0.7987717 1.8526063 2 P 0
L 0.7797717 1.9276063 0.7987717 1.9466063 2 P 0
L 0.7844489 1.0797245 0.7923229 1.0875985 2 P 0
L 0.7844489 1.2293307 0.7923229 1.2214567 2 P 0
L 0.7987717 1.8526063 0.8547717 1.8526063 2 P 0
L 0.7987717 1.9466063 0.8547717 1.9466063 2 P 0
L 0.8257874 1.2332676 0.8257874 1.2962598 2 P 0
L 0.8257874 1.2332676 0.8336614 1.2253936 2 P 0
L 0.8257874 1.2962598 0.8336614 1.3041338 2 P 0
L 0.8267717 1.3257873 0.8267717 1.3887795 2 P 0
L 0.8267717 1.3257873 0.8346457 1.3179133 2 P 0
L 0.8267717 1.3887795 0.8346457 1.3966535 2 P 0
L 0.8326771 0.0748032 0.8405511 0.0669292 2 P 0
L 0.8326771 0.2086614 0.8405511 0.2165354 2 P 0
L 0.8405511 0.0669292 0.9035433 0.0669292 2 P 0
L 0.8405511 0.2165354 0.9035433 0.2165354 2 P 0
L 0.8425197 1.1683071 0.8425197 1.1722441 2 P 0
L 0.8425197 1.1683071 0.8464567 1.1643701 2 P 0
L 0.8425197 1.1722441 0.8425197 1.2037401 2 P 0
L 0.8425197 1.2037401 0.8425197 1.2076771 2 P 0
L 0.8425197 1.2076771 0.8464567 1.2116141 2 P 0
L 0.8547717 1.8526063 0.8737717 1.8526063 2 P 0
L 0.8547717 1.8526063 0.8737717 1.8716063 2 P 0
L 0.8547717 1.9466063 0.8737717 1.9276063 2 P 0
L 0.8547717 1.9466063 0.8737717 1.9466063 2 P 0
L 0.8562991 0.8590552 0.8749999 0.8590552 1 P 0
L 0.8562991 1.0204725 0.8749999 1.0204725 1 P 0
L 0.8562992 1.5416142 0.8562992 1.6316142 2 P 0
L 0.8562992 1.5416142 1.0531496 1.5416142 2 P 0
L 0.8562992 1.6316142 1.0531496 1.6316142 2 P 0
L 0.8602362 0.7509843 0.8641732 0.7549213 2 P 0
L 0.8602362 0.7982283 0.8641732 0.7942913 2 P 0
L 0.8641732 0.7549213 0.8641732 0.7588583 2 P 0
L 0.8641732 0.7588583 0.8641732 0.7903543 2 P 0
L 0.8641732 0.7903543 0.8641732 0.7942913 2 P 0
L 0.8737717 1.8526063 0.8737717 1.9466063 2 P 0
L 0.8749999 0.8590552 0.8749999 0.877756 1 P 0
L 0.8749999 1.0017717 0.8749999 1.0204725 1 P 0
L 0.9035433 0.0669292 0.9114173 0.0748032 2 P 0
L 0.9035433 0.2165354 0.9114173 0.2086614 2 P 0
L 0.9035433 0.2312992 0.9114173 0.2391732 2 P 0
L 0.9035433 0.3100394 0.9114173 0.3021654 2 P 0
L 0.9070866 0.3265748 0.9070866 0.7265748 1 P 0
L 0.9114173 0.2391732 0.9114173 0.3021654 2 P 0
L 0.9159921 1.8624488 0.9159921 1.9564488 2 P 0
L 0.9159921 1.8624488 1.2099921 1.8624488 2 P 0
L 0.9159921 1.9564488 1.2099921 1.9564488 2 P 0
L 0.9212598 0.0134252 0.9212598 0.8684252 3 P 0
L 0.9212598 0.0134252 1.2212598 0.0134252 3 P 0
L 0.9212598 0.8684252 1.2212598 0.8684252 3 P 0
L 0.9468504 0.8877953 0.9547244 0.8799213 2 P 0
L 0.9468504 1.0216535 0.9547244 1.0295275 2 P 0
L 0.9547244 0.8799213 1.0177166 0.8799213 2 P 0
L 0.9547244 1.0295275 1.0177166 1.0295275 2 P 0
L 0.9645669 1.1643701 0.9685039 1.1683071 2 P 0
L 0.9645669 1.2116141 0.9685039 1.2076771 2 P 0
L 0.9675196 1.2253936 0.9753936 1.2332676 2 P 0
L 0.9675196 1.3041338 0.9753936 1.2962598 2 P 0
L 0.9685039 1.1683071 0.9685039 1.1722441 2 P 0
L 0.9685039 1.1722441 0.9685039 1.2037401 2 P 0
L 0.9685039 1.2037401 0.9685039 1.2076771 2 P 0
L 0.9685039 1.3179133 0.9763779 1.3257873 2 P 0
L 0.9685039 1.3966535 0.9763779 1.3887795 2 P 0
L 0.9753936 1.2332676 0.9753936 1.2962598 2 P 0
L 0.9763779 1.3257873 0.9763779 1.3887795 2 P 0
L 1.0108266 1.1366141 1.0108266 1.1553149 1 P 0
L 1.0108266 1.1366141 1.0295274 1.1366141 1 P 0
L 1.0108266 1.2793306 1.0108266 1.2980314 1 P 0
L 1.0108266 1.2980314 1.0295274 1.2980314 1 P 0
L 1.0177166 0.8799213 1.0255906 0.8877953 2 P 0
L 1.0177166 1.0295275 1.0255906 1.0216535 2 P 0
L 1.0452756 0.8877953 1.0531496 0.8799213 2 P 0
L 1.0452756 1.0216535 1.0531496 1.0295275 2 P 0
L 1.0531496 0.8799213 1.1161418 0.8799213 2 P 0
L 1.0531496 1.0295275 1.1161418 1.0295275 2 P 0
L 1.0531496 1.5416142 1.0531496 1.6316142 2 P 0
L 1.0905512 1.46063 1.0984252 1.452756 2 P 0
L 1.0905512 1.5944882 1.0984252 1.6023622 2 P 0
L 1.0984252 1.452756 1.1614174 1.452756 2 P 0
L 1.0984252 1.6023622 1.1614174 1.6023622 2 P 0
L 1.1129921 1.8624488 1.1129921 1.8744488 2 P 0
L 1.1129921 1.9444488 1.1129921 1.9564488 2 P 0
L 1.1161418 0.8799213 1.1240158 0.8877953 2 P 0
L 1.1161418 1.0295275 1.1240158 1.0216535 2 P 0
L 1.1417323 0.8877953 1.1496063 0.8799213 2 P 0
L 1.1417323 1.0216535 1.1496063 1.0295275 2 P 0
L 1.1496063 0.8799213 1.2125985 0.8799213 2 P 0
L 1.1496063 1.0295275 1.2125985 1.0295275 2 P 0
L 1.1535431 1.1366141 1.1722439 1.1366141 1 P 0
L 1.1535431 1.2980314 1.1722439 1.2980314 1 P 0
L 1.1614174 1.452756 1.1692914 1.46063 2 P 0
L 1.1614174 1.6023622 1.1692914 1.5944882 2 P 0
L 1.1722439 1.1366141 1.1722439 1.1553149 1 P 0
L 1.1722439 1.2793306 1.1722439 1.2980314 1 P 0
L 1.1870079 1.3080709 1.1909449 1.3041339 2 P 0
L 1.1870079 1.4261811 1.1909449 1.4301181 2 P 0
L 1.1909449 1.3041339 1.1948819 1.3041339 2 P 0
L 1.1909449 1.4301181 1.1948819 1.4301181 2 P 0
L 1.1948819 1.3041339 1.2263779 1.3041339 2 P 0
L 1.1948819 1.4301181 1.2263779 1.4301181 2 P 0
L 1.2099921 1.8624488 1.2099921 1.9564488 2 P 0
L 1.2125985 0.8799213 1.2204725 0.8877953 2 P 0
L 1.2125985 1.0295275 1.2204725 1.0216535 2 P 0
L 1.2212598 0.0134252 1.2212598 0.8684252 3 P 0
L 1.2263779 1.3041339 1.2303149 1.3041339 2 P 0
L 1.2263779 1.4301181 1.2303149 1.4301181 2 P 0
L 1.2303149 1.3041339 1.2342519 1.3080709 2 P 0
L 1.2303149 1.4301181 1.2342519 1.4261811 2 P 0
S P 0
OB 0.7135826 0.8590552 I
OS 0.7135826 0.877756
OS 0.7212992 0.877756
OS 0.7322834 0.8667718
OS 0.7322834 0.8590552
OS 0.7135826 0.8590552
OE
SE
S P 0
OB 1.0108266 1.1366141 I
OS 1.0108266 1.1553149
OS 1.0185432 1.1553149
OS 1.0295274 1.1443307
OS 1.0295274 1.1366141
OS 1.0108266 1.1366141
OE
SE
