#Layer_Color=32896
#
#Feature symbol names
#
$0 r10
$1 r5.9055
$2 r3.937

#
#Feature attribute names
#

#
#Layer features
#
L 1.9685039 1.1811024 1.9685039 3.1496063 0 P 0
L 1.9685039 1.1811024 3.3464567 1.1811024 0 P 0
L 1.9685039 3.1496063 3.3464567 3.1496063 0 P 0
L 2.1417322 2.6236221 2.1614173 2.6236221 2 P 0
L 2.1437007 2.592126 2.1437007 2.6551182 2 P 0
L 2.1437007 2.592126 2.1791338 2.592126 2 P 0
L 2.1437007 2.6551182 2.1791338 2.6551182 2 P 0
L 2.1584645 2.3582677 2.1781496 2.3582677 2 P 0
L 2.1614173 2.6039371 2.1614173 2.6236221 2 P 0
L 2.1614173 2.6236221 2.1614173 2.6433072 2 P 0
L 2.1614173 2.6236221 2.1811023 2.6236221 2 P 0
L 2.1771653 1.9370079 2.2007874 1.9370079 2 P 0
L 2.1781496 2.3385826 2.1781496 2.3582677 2 P 0
L 2.1781496 2.3582677 2.1781496 2.3779528 2 P 0
L 2.1781496 2.3582677 2.1978346 2.3582677 2 P 0
L 2.1791338 2.592126 2.1791338 2.6551182 2 P 0
L 2.1909448 2.5023622 2.1909448 2.5535433 2 P 0
L 2.1909448 2.5023622 2.242126 2.5023622 2 P 0
L 2.1909448 2.5535433 2.242126 2.5535433 2 P 0
L 2.1968503 2.5279528 2.2165354 2.5279528 2 P 0
L 2.1968503 2.5787402 2.2165354 2.5787402 2 P 0
L 2.2007874 1.9133858 2.2007874 1.9370079 2 P 0
L 2.2007874 1.9370079 2.2007874 1.96063 2 P 0
L 2.2007874 1.9370079 2.2244095 1.9370079 2 P 0
L 2.2086616 2.3582677 2.2283466 2.3582677 2 P 0
L 2.2125984 2.9448819 2.2322835 2.9448819 2 P 0
L 2.2125984 2.9950789 2.2322835 2.9950789 2 P 0
L 2.2125984 3.0452759 2.2322835 3.0452759 2 P 0
L 2.2165354 2.5082677 2.2165354 2.5279528 2 P 0
L 2.2165354 2.5279528 2.2165354 2.5476378 2 P 0
L 2.2165354 2.5279528 2.2362204 2.5279528 2 P 0
L 2.2165354 2.5590552 2.2165354 2.5787402 2 P 0
L 2.2165354 2.5787402 2.2165354 2.5984253 2 P 0
L 2.2165354 2.5787402 2.2362205 2.5787402 2 P 0
L 2.2283466 2.3385826 2.2283466 2.3582677 2 P 0
L 2.2283466 2.3582677 2.2283466 2.3779528 2 P 0
L 2.2283466 2.3582677 2.2480317 2.3582677 2 P 0
L 2.2322835 2.9251968 2.2322835 2.9448819 2 P 0
L 2.2322835 2.9448819 2.2322835 2.9645669 2 P 0
L 2.2322835 2.9448819 2.2519686 2.9448819 2 P 0
L 2.2322835 2.9753939 2.2322835 2.9950789 2 P 0
L 2.2322835 2.9950789 2.2322835 3.014764 2 P 0
L 2.2322835 2.9950789 2.2519686 2.9950789 2 P 0
L 2.2322835 3.0255909 2.2322835 3.0452759 2 P 0
L 2.2322835 3.0452759 2.2322835 3.064961 2 P 0
L 2.2322835 3.0452759 2.2519686 3.0452759 2 P 0
L 2.242126 2.5023622 2.242126 2.5535433 2 P 0
L 2.2519685 2.6236221 2.2716535 2.6236221 2 P 0
L 2.253937 2.592126 2.253937 2.6551182 2 P 0
L 2.253937 2.592126 2.2893701 2.592126 2 P 0
L 2.253937 2.6551182 2.2893701 2.6551182 2 P 0
L 2.2588586 2.3582677 2.2785436 2.3582677 2 P 0
L 2.2716535 2.6039371 2.2716535 2.6236221 2 P 0
L 2.2716535 2.6236221 2.2716535 2.6433072 2 P 0
L 2.2716535 2.6236221 2.2913386 2.6236221 2 P 0
L 2.2785436 2.3385826 2.2785436 2.3582677 2 P 0
L 2.2785436 2.3582677 2.2785436 2.3779528 2 P 0
L 2.2785436 2.3582677 2.2982287 2.3582677 2 P 0
L 2.2834646 1.6240157 2.3031496 1.6240157 1 P 0
L 2.2893701 2.592126 2.2893701 2.6551182 2 P 0
L 2.3031496 1.6043306 2.3031496 1.6240157 1 P 0
L 2.3031496 1.6240157 2.3031496 1.6437008 1 P 0
L 2.3031496 1.6240157 2.3228347 1.6240157 1 P 0
L 2.3110236 1.9370079 2.3346457 1.9370079 2 P 0
L 2.3346457 1.9133858 2.3346457 1.9370079 2 P 0
L 2.3346457 1.9370079 2.3346457 1.96063 2 P 0
L 2.3346457 1.9370079 2.3582678 1.9370079 2 P 0
L 2.3366141 2.9438975 2.3366141 3.136811 2 P 0
L 2.3366141 2.9438975 2.3996063 2.9438975 2 P 0
L 2.3366141 3.136811 2.3996063 3.136811 2 P 0
L 2.3484251 3.0403543 2.3681102 3.0403543 2 P 0
L 2.3681102 3.0206692 2.3681102 3.0403543 2 P 0
L 2.3681102 3.0403543 2.3681102 3.0600393 2 P 0
L 2.3681102 3.0403543 2.3877952 3.0403543 2 P 0
L 2.3996063 2.9438975 2.3996063 3.136811 2 P 0
L 2.5059055 3.0561023 2.5059055 3.1486221 2 P 0
L 2.5059055 3.0561023 2.5649607 3.0561023 2 P 0
L 2.5059055 3.1486221 2.5649607 3.1486221 2 P 0
L 2.515748 3.1023622 2.5354331 3.1023622 2 P 0
L 2.5354331 3.0826771 2.5354331 3.1023622 2 P 0
L 2.5354331 3.1023622 2.5354331 3.1220473 2 P 0
L 2.5354331 3.1023622 2.5551182 3.1023622 2 P 0
L 2.5649607 3.0561023 2.5649607 3.1486221 2 P 0
L 2.5889763 1.2421259 2.5889763 1.277559 2 P 0
L 2.5889763 1.2421259 2.6519685 1.2421259 2 P 0
L 2.5889763 1.277559 2.6519685 1.277559 2 P 0
L 2.5889763 1.3523622 2.5889763 1.3877953 2 P 0
L 2.5889763 1.3523622 2.6519685 1.3523622 2 P 0
L 2.5889763 1.3877953 2.6519685 1.3877953 2 P 0
L 2.6007873 1.2598425 2.6204724 1.2598425 2 P 0
L 2.6007873 1.3700787 2.6204724 1.3700787 2 P 0
L 2.6204724 1.2401574 2.6204724 1.2598425 2 P 0
L 2.6204724 1.2598425 2.6204724 1.2795275 2 P 0
L 2.6204724 1.2598425 2.6401574 1.2598425 2 P 0
L 2.6204724 1.3503937 2.6204724 1.3700787 2 P 0
L 2.6204724 1.3700787 2.6204724 1.3897638 2 P 0
L 2.6204724 1.3700787 2.6401574 1.3700787 2 P 0
L 2.6456692 1.3149606 2.6653543 1.3149606 2 P 0
L 2.6519685 1.2421259 2.6519685 1.277559 2 P 0
L 2.6519685 1.3523622 2.6519685 1.3877953 2 P 0
L 2.6653543 1.2952755 2.6653543 1.3149606 2 P 0
L 2.6653543 1.3149606 2.6653543 1.3346457 2 P 0
L 2.6653543 1.3149606 2.6850393 1.3149606 2 P 0
L 2.6712599 2.9438975 2.6712599 3.136811 2 P 0
L 2.6712599 2.9438975 2.7342521 2.9438975 2 P 0
L 2.6712599 3.136811 2.7342521 3.136811 2 P 0
L 2.683071 3.0403543 2.702756 3.0403543 2 P 0
L 2.6905512 1.28937 2.6905512 1.3405512 2 P 0
L 2.6905512 1.28937 2.7417323 1.28937 2 P 0
L 2.6905512 1.3405512 2.7417323 1.3405512 2 P 0
L 2.6964567 1.3149606 2.7161417 1.3149606 2 P 0
L 2.702756 3.0206692 2.702756 3.0403543 2 P 0
L 2.702756 3.0403543 2.702756 3.0600393 2 P 0
L 2.702756 3.0403543 2.7224411 3.0403543 2 P 0
L 2.7161417 1.2952755 2.7161417 1.3149606 2 P 0
L 2.7161417 1.3149606 2.7161417 1.3346456 2 P 0
L 2.7161417 1.3149606 2.7358268 1.3149606 2 P 0
L 2.7342521 2.9438975 2.7342521 3.136811 2 P 0
L 2.7417323 1.28937 2.7417323 1.3405512 2 P 0
L 3.3464567 1.1811024 3.3464567 3.1496063 0 P 0
