#Layer_Color=32896
#
#Feature symbol names
#
$0 r3.937

#
#Feature attribute names
#

#
#Layer features
#
L 1.8956693 2.8080709 1.8956693 3.0009844 0 P 0
L 1.8956693 2.8080709 1.9586615 2.8080709 0 P 0
L 1.8956693 3.0009844 1.9586615 3.0009844 0 P 0
L 1.9074803 2.9045276 1.9271654 2.9045276 0 P 0
L 1.9271654 2.8848426 1.9271654 2.9045276 0 P 0
L 1.9271654 2.9045276 1.9271654 2.9242127 0 P 0
L 1.9271654 2.9045276 1.9468504 2.9045276 0 P 0
L 1.9586615 2.8080709 1.9586615 3.0009844 0 P 0
L 2.0649607 2.7962598 2.0649607 2.8887796 0 P 0
L 2.0649607 2.7962598 2.1240159 2.7962598 0 P 0
L 2.0649607 2.8887796 2.1240159 2.8887796 0 P 0
L 2.0748032 2.8425197 2.0944883 2.8425197 0 P 0
L 2.0944883 2.8228346 2.0944883 2.8425197 0 P 0
L 2.0944883 2.8425197 2.0944883 2.8622048 0 P 0
L 2.0944883 2.8425197 2.1141734 2.8425197 0 P 0
L 2.1240159 2.7962598 2.1240159 2.8887796 0 P 0
L 2.2303151 2.8080709 2.2303151 3.0009844 0 P 0
L 2.2303151 2.8080709 2.2933073 2.8080709 0 P 0
L 2.2303151 3.0009844 2.2933073 3.0009844 0 P 0
L 2.2421262 2.9045276 2.2618112 2.9045276 0 P 0
L 2.2618112 2.8848426 2.2618112 2.9045276 0 P 0
L 2.2618112 2.9045276 2.2618112 2.9242127 0 P 0
L 2.2618112 2.9045276 2.2814963 2.9045276 0 P 0
L 2.2933073 2.8080709 2.2933073 3.0009844 0 P 0
L 2.5334644 2.8100394 2.5334644 3.0029529 0 P 0
L 2.5334644 2.8100394 2.5964566 2.8100394 0 P 0
L 2.5334644 3.0029529 2.5964566 3.0029529 0 P 0
L 2.5452754 2.9064961 2.5649605 2.9064961 0 P 0
L 2.5649605 2.8868111 2.5649605 2.9064961 0 P 0
L 2.5649605 2.9064961 2.5649605 2.9261812 0 P 0
L 2.5649605 2.9064961 2.5846455 2.9064961 0 P 0
L 2.5964566 2.8100394 2.5964566 3.0029529 0 P 0
L 2.7027558 2.7982283 2.7027558 2.8907481 0 P 0
L 2.7027558 2.7982283 2.761811 2.7982283 0 P 0
L 2.7027558 2.8907481 2.761811 2.8907481 0 P 0
L 2.7125983 2.8444882 2.7322834 2.8444882 0 P 0
L 2.7322834 2.8248031 2.7322834 2.8444882 0 P 0
L 2.7322834 2.8444882 2.7322834 2.8641733 0 P 0
L 2.7322834 2.8444882 2.7519685 2.8444882 0 P 0
L 2.761811 2.7982283 2.761811 2.8907481 0 P 0
L 2.8681102 2.8100394 2.8681102 3.0029529 0 P 0
L 2.8681102 2.8100394 2.9311024 2.8100394 0 P 0
L 2.8681102 3.0029529 2.9311024 3.0029529 0 P 0
L 2.8799213 2.9064961 2.8996063 2.9064961 0 P 0
L 2.8996063 2.8868111 2.8996063 2.9064961 0 P 0
L 2.8996063 2.9064961 2.8996063 2.9261812 0 P 0
L 2.8996063 2.9064961 2.9192914 2.9064961 0 P 0
L 2.9311024 2.8100394 2.9311024 3.0029529 0 P 0
