#Layer_Color=32768
#
#Feature symbol names
#
$0 r10
$1 r1.9685
$2 r3.937

#
#Feature attribute names
#

#
#Layer features
#
A 2.7933071 1.9173228 2.7933071 1.9173228 2.7795276 1.9173228 1 P 0 N
L 1.9685039 1.1811024 1.9685039 3.1496063 0 P 0
L 1.9685039 1.1811024 3.3464567 1.1811024 0 P 0
L 1.9685039 3.1496063 3.3464567 3.1496063 0 P 0
L 2.1299212 2.4925197 2.1299212 2.6649607 1 P 0
L 2.1299212 2.4925197 2.3031496 2.4925197 1 P 0
L 2.1299212 2.6649607 2.3031496 2.6649607 1 P 0
L 2.1344487 1.2440945 2.1344487 1.8346457 1 P 0
L 2.1344487 1.2440945 2.4639765 1.2440945 1 P 0
L 2.1344487 1.8346457 2.4639765 1.8346457 1 P 0
L 2.1870078 2.0984252 2.1870078 2.2165354 1 P 0
L 2.1870078 2.0984252 2.246063 2.0984252 1 P 0
L 2.1870078 2.2165354 2.246063 2.2165354 1 P 0
L 2.2047244 2.1574803 2.2283464 2.1574803 1 P 0
L 2.2165354 2.1456693 2.2165354 2.1692913 1 P 0
L 2.226378 2.8070866 2.226378 2.8858268 1 P 0
L 2.226378 2.8070866 2.3641732 2.8070866 1 P 0
L 2.226378 2.8858268 2.3641732 2.8858268 1 P 0
L 2.246063 2.0984252 2.246063 2.2165354 1 P 0
L 2.2480315 2.7342519 2.2480315 2.7933071 1 P 0
L 2.2480315 2.7342519 2.3661417 2.7342519 1 P 0
L 2.2480315 2.7933071 2.3661417 2.7933071 1 P 0
L 2.2755905 2.0846457 2.2755905 2.2224409 1 P 0
L 2.2755905 2.0846457 2.3543307 2.0846457 1 P 0
L 2.2755905 2.2224409 2.3543307 2.2224409 1 P 0
L 2.2755906 2.8464567 2.3149606 2.8464567 1 P 0
L 2.2952756 2.1535433 2.3346456 2.1535433 1 P 0
L 2.2952756 2.7637795 2.3188976 2.7637795 1 P 0
L 2.2952756 2.8267717 2.2952756 2.8661417 1 P 0
L 2.3031496 2.4925197 2.3031496 2.6649607 1 P 0
L 2.3070866 2.7519685 2.3070866 2.7755905 1 P 0
L 2.3149606 2.1338583 2.3149606 2.1732283 1 P 0
L 2.3267716 2.934055 2.3267716 3.2273623 2 P 0
L 2.3267716 2.934055 2.4094488 2.934055 2 P 0
L 2.3267716 3.2273623 2.4037795 3.2273623 2 P 0
L 2.3366142 2.3248031 2.3366142 2.3838583 1 P 0
L 2.3366142 2.3248031 2.4586614 2.3248031 1 P 0
L 2.3366142 2.3838583 2.4586614 2.3838583 1 P 0
L 2.3366142 2.3996063 2.3366142 2.4586615 1 P 0
L 2.3366142 2.3996063 2.4586614 2.3996063 1 P 0
L 2.3366142 2.4586615 2.4586614 2.4586615 1 P 0
L 2.3366142 2.4704724 2.3366142 2.5295276 1 P 0
L 2.3366142 2.4704724 2.4586614 2.4704724 1 P 0
L 2.3366142 2.5295276 2.4586614 2.5295276 1 P 0
L 2.3366142 2.6200787 2.3366142 2.6791339 1 P 0
L 2.3366142 2.6200787 2.4586614 2.6200787 1 P 0
L 2.3366142 2.6791339 2.4586614 2.6791339 1 P 0
L 2.3385827 2.5413385 2.3385827 2.6003937 1 P 0
L 2.3385827 2.5413385 2.4566929 2.5413385 1 P 0
L 2.3385827 2.6003937 2.4566929 2.6003937 1 P 0
L 2.3543307 2.0846457 2.3543307 2.2224409 1 P 0
L 2.3641732 2.8070866 2.3641732 2.8858268 1 P 0
L 2.3661417 2.7342519 2.3661417 2.7933071 1 P 0
L 2.3779527 2.0846457 2.3779527 2.2224409 1 P 0
L 2.3779527 2.0846457 2.4566929 2.0846457 1 P 0
L 2.3779527 2.2224409 2.4566929 2.2224409 1 P 0
L 2.3858268 2.3543307 2.4094488 2.3543307 1 P 0
L 2.3858268 2.4291339 2.4094488 2.4291339 1 P 0
L 2.3858268 2.5 2.4094488 2.5 1 P 0
L 2.3858268 2.5708661 2.4094488 2.5708661 1 P 0
L 2.3858268 2.6496063 2.4094488 2.6496063 1 P 0
L 2.3976378 2.1535433 2.4370078 2.1535433 1 P 0
L 2.3976378 2.3425197 2.3976378 2.3661417 1 P 0
L 2.3976378 2.4173229 2.3976378 2.4409449 1 P 0
L 2.3976378 2.488189 2.3976378 2.511811 1 P 0
L 2.3976378 2.5590551 2.3976378 2.5826771 1 P 0
L 2.3976378 2.6377953 2.3976378 2.6614173 1 P 0
L 2.3996063 2.7342519 2.3996063 2.7933071 1 P 0
L 2.3996063 2.7342519 2.5216535 2.7342519 1 P 0
L 2.3996063 2.7933071 2.5216535 2.7933071 1 P 0
L 2.3996063 2.8169291 2.3996063 2.8759843 1 P 0
L 2.3996063 2.8169291 2.5216535 2.8169291 1 P 0
L 2.3996063 2.8759843 2.5216535 2.8759843 1 P 0
L 2.4037795 3.2273623 2.4037795 3.5375987 2 P 0
L 2.4037795 3.5375987 2.6670867 3.5375987 2 P 0
L 2.4094488 2.934055 2.4094488 3.1427166 2 P 0
L 2.4094488 3.1427166 2.496063 3.1427166 2 P 0
L 2.4114173 1.8917323 2.4114173 2.0137795 1 P 0
L 2.4114173 1.8917323 2.4704725 1.8917323 1 P 0
L 2.4114173 2.0137795 2.4704725 2.0137795 1 P 0
L 2.4173228 2.1338583 2.4173228 2.1732283 1 P 0
L 2.4291339 1.9527559 2.4527559 1.9527559 1 P 0
L 2.4409449 1.9409449 2.4409449 1.9645669 1 P 0
L 2.4488189 2.7637795 2.4724409 2.7637795 1 P 0
L 2.4488189 2.8464567 2.4724409 2.8464567 1 P 0
L 2.4566929 2.0846457 2.4566929 2.2224409 1 P 0
L 2.4566929 2.5413385 2.4566929 2.6003937 1 P 0
L 2.4586614 2.3248031 2.4586614 2.3838583 1 P 0
L 2.4586614 2.3996063 2.4586614 2.4586615 1 P 0
L 2.4586614 2.4704724 2.4586614 2.5295276 1 P 0
L 2.4586614 2.6200787 2.4586614 2.6791339 1 P 0
L 2.4606299 2.7519685 2.4606299 2.7755905 1 P 0
L 2.4606299 2.8346457 2.4606299 2.8582677 1 P 0
L 2.4639765 1.2440945 2.4639765 1.8346457 1 P 0
L 2.4704725 1.8917323 2.4704725 2.0137795 1 P 0
L 2.4822834 2.0984252 2.4822834 2.2165354 1 P 0
L 2.4822834 2.0984252 2.5413386 2.0984252 1 P 0
L 2.4822834 2.2165354 2.5413386 2.2165354 1 P 0
L 2.4901574 1.4566929 2.4901574 1.5748031 1 P 0
L 2.4901574 1.4566929 2.5492126 1.4566929 1 P 0
L 2.4901574 1.5748031 2.5492126 1.5748031 1 P 0
L 2.4901574 1.5984252 2.4901574 1.7165354 1 P 0
L 2.4901574 1.5984252 2.5492126 1.5984252 1 P 0
L 2.4901574 1.7165354 2.5492126 1.7165354 1 P 0
L 2.496063 3.0462598 2.496063 3.1427166 2 P 0
L 2.496063 3.0462598 2.5748032 3.0462598 2 P 0
L 2.5 2.1574803 2.523622 2.1574803 1 P 0
L 2.5019685 1.8917323 2.5019685 2.0137795 1 P 0
L 2.5019685 1.8917323 2.5610237 1.8917323 1 P 0
L 2.5019685 2.0137795 2.5610237 2.0137795 1 P 0
L 2.507874 1.515748 2.531496 1.515748 1 P 0
L 2.507874 1.6574803 2.531496 1.6574803 1 P 0
L 2.511811 2.1456693 2.511811 2.1692913 1 P 0
L 2.5177166 1.3562991 2.5177166 1.4153543 1 P 0
L 2.5177166 1.3562991 2.6397638 1.3562991 1 P 0
L 2.5177166 1.4153543 2.6397638 1.4153543 1 P 0
L 2.519685 1.503937 2.519685 1.527559 1 P 0
L 2.519685 1.6456693 2.519685 1.6692913 1 P 0
L 2.5196851 1.277559 2.5196851 1.3366142 1 P 0
L 2.5196851 1.277559 2.6377953 1.277559 1 P 0
L 2.5196851 1.3366142 2.6377953 1.3366142 1 P 0
L 2.5196851 1.9527559 2.5433071 1.9527559 1 P 0
L 2.5216535 2.7342519 2.5216535 2.7933071 1 P 0
L 2.5216535 2.8169291 2.5216535 2.8759843 1 P 0
L 2.5314961 1.9409449 2.5314961 1.9645669 1 P 0
L 2.5413386 2.0984252 2.5413386 2.2165354 1 P 0
L 2.5492126 1.4566929 2.5492126 1.5748031 1 P 0
L 2.5492126 1.5984252 2.5492126 1.7165354 1 P 0
L 2.5531496 2.8169291 2.5531496 2.8759843 1 P 0
L 2.5531496 2.8169291 2.6751968 2.8169291 1 P 0
L 2.5531496 2.8759843 2.6751968 2.8759843 1 P 0
L 2.5610237 1.8917323 2.5610237 2.0137795 1 P 0
L 2.5669292 1.3070866 2.5905512 1.3070866 1 P 0
L 2.5669292 1.3858267 2.5905512 1.3858267 1 P 0
L 2.5748031 2.3090551 2.5748031 2.6751968 1 P 0
L 2.5748031 2.3090551 2.8661417 2.3090551 1 P 0
L 2.5748031 2.6751968 2.8661417 2.6751968 1 P 0
L 2.5748032 3.0462598 2.5748032 3.1427166 2 P 0
L 2.5748032 3.1427166 2.6614174 3.1427166 2 P 0
L 2.5787402 1.2952756 2.5787402 1.3188976 1 P 0
L 2.5787402 1.3740157 2.5787402 1.3976377 1 P 0
L 2.5791338 1.2283464 2.5791338 1.4015748 1 P 0
L 2.5791338 1.2283464 2.7515748 1.2283464 1 P 0
L 2.5791338 1.4015748 2.7515748 1.4015748 1 P 0
L 2.5964566 1.5984252 2.5964566 1.7165354 1 P 0
L 2.5964566 1.5984252 2.6555118 1.5984252 1 P 0
L 2.5964566 1.7165354 2.6555118 1.7165354 1 P 0
L 2.6023622 2.8464567 2.6259842 2.8464567 1 P 0
L 2.6141732 1.6574803 2.6377952 1.6574803 1 P 0
L 2.6141732 2.8346457 2.6141732 2.8582677 1 P 0
L 2.6259842 1.6456693 2.6259842 1.6692913 1 P 0
L 2.628937 1.4527559 2.628937 1.5718504 0 P 0
L 2.628937 1.4527559 2.6988189 1.4527559 0 P 0
L 2.628937 1.5718504 2.6988189 1.5718504 0 P 0
L 2.6377953 1.277559 2.6377953 1.3366142 1 P 0
L 2.6397638 1.3562991 2.6397638 1.4153543 1 P 0
L 2.6515748 1.4370079 2.6515748 1.5157481 1 P 0
L 2.6515748 1.4370079 2.78937 1.4370079 1 P 0
L 2.6515748 1.5157481 2.78937 1.5157481 1 P 0
L 2.6555118 1.5984252 2.6555118 1.7165354 1 P 0
L 2.6594488 1.3602362 2.6594488 1.4192914 1 P 0
L 2.6594488 1.3602362 2.781496 1.3602362 1 P 0
L 2.6594488 1.4192914 2.781496 1.4192914 1 P 0
L 2.6614173 1.277559 2.6614173 1.3366142 1 P 0
L 2.6614173 1.277559 2.7795275 1.277559 1 P 0
L 2.6614173 1.3366142 2.7795275 1.3366142 1 P 0
L 2.6614174 2.934055 2.6614174 3.1427166 2 P 0
L 2.6614174 2.934055 2.7440946 2.934055 2 P 0
L 2.6670867 3.2273623 2.6670867 3.5375987 2 P 0
L 2.6670867 3.2273623 2.7440946 3.2273623 2 P 0
L 2.6751968 1.5984252 2.6751968 1.7165354 1 P 0
L 2.6751968 1.5984252 2.734252 1.5984252 1 P 0
L 2.6751968 1.7165354 2.734252 1.7165354 1 P 0
L 2.6751968 2.8169291 2.6751968 2.8759843 1 P 0
L 2.6830708 2.0452756 2.6830708 2.1673228 1 P 0
L 2.6830708 2.0452756 2.742126 2.0452756 1 P 0
L 2.6830708 2.1673228 2.742126 2.1673228 1 P 0
L 2.6929134 1.6574803 2.7165354 1.6574803 1 P 0
L 2.6948819 1.8326771 2.6948819 2.0019685 1 P 0
L 2.6948819 1.8326771 2.8641733 1.8326771 1 P 0
L 2.6948819 2.0019685 2.8641733 2.0019685 1 P 0
L 2.6988189 1.4527559 2.6988189 1.5718504 0 P 0
L 2.7007873 2.492126 2.7401574 2.492126 2 P 0
L 2.7007874 1.476378 2.7401574 1.476378 1 P 0
L 2.7007874 2.1062992 2.7244094 2.1062992 1 P 0
L 2.7047244 1.6456693 2.7047244 1.6692913 1 P 0
L 2.7086614 1.3070866 2.7322834 1.3070866 1 P 0
L 2.7086614 1.3897638 2.7322834 1.3897638 1 P 0
L 2.7125984 2.0944882 2.7125984 2.1181102 1 P 0
L 2.7204724 1.2952756 2.7204724 1.3188976 1 P 0
L 2.7204724 1.3779528 2.7204724 1.4015748 1 P 0
L 2.7204724 1.456693 2.7204724 1.496063 1 P 0
L 2.7204724 2.4724409 2.7204724 2.511811 2 P 0
L 2.734252 1.5984252 2.734252 1.7165354 1 P 0
L 2.742126 2.0452756 2.742126 2.1673228 1 P 0
L 2.7440946 2.934055 2.7440946 3.2273623 2 P 0
L 2.7515748 1.2283464 2.7515748 1.4015748 1 P 0
L 2.7539369 1.5984252 2.7539369 1.7165354 1 P 0
L 2.7539369 1.5984252 2.8129921 1.5984252 1 P 0
L 2.7539369 1.7165354 2.8129921 1.7165354 1 P 0
L 2.753937 2.0452756 2.753937 2.1673228 1 P 0
L 2.753937 2.0452756 2.8129922 2.0452756 1 P 0
L 2.753937 2.1673228 2.8129922 2.1673228 1 P 0
L 2.7598426 1.9173228 2.7992126 1.9173228 1 P 0
L 2.7716535 1.6574803 2.7952755 1.6574803 1 P 0
L 2.7716536 2.1062992 2.7952756 2.1062992 1 P 0
L 2.7775591 2.7086614 2.7775591 2.7874016 1 P 0
L 2.7775591 2.7086614 2.9153543 2.7086614 1 P 0
L 2.7775591 2.7874016 2.9153543 2.7874016 1 P 0
L 2.7775591 2.8051181 2.7775591 2.8641733 1 P 0
L 2.7775591 2.8051181 2.8996063 2.8051181 1 P 0
L 2.7775591 2.8641733 2.8996063 2.8641733 1 P 0
L 2.7775591 2.8799212 2.7775591 2.9389764 1 P 0
L 2.7775591 2.8799212 2.8996063 2.8799212 1 P 0
L 2.7775591 2.9389764 2.8996063 2.9389764 1 P 0
L 2.7795275 1.277559 2.7795275 1.3366142 1 P 0
L 2.7795276 1.8976378 2.7795276 1.9370078 1 P 0
L 2.781496 1.3602362 2.781496 1.4192914 1 P 0
L 2.7834645 1.6456693 2.7834645 1.6692913 1 P 0
L 2.7834646 2.0944882 2.7834646 2.1181102 1 P 0
L 2.78937 1.4370079 2.78937 1.5157481 1 P 0
L 2.8129921 1.5984252 2.8129921 1.7165354 1 P 0
L 2.8129922 2.0452756 2.8129922 2.1673228 1 P 0
L 2.8248031 2.0452756 2.8248031 2.1673228 1 P 0
L 2.8248031 2.0452756 2.8838583 2.0452756 1 P 0
L 2.8248031 2.1673228 2.8838583 2.1673228 1 P 0
L 2.8267717 2.7480315 2.8661417 2.7480315 1 P 0
L 2.8267717 2.8346457 2.8503937 2.8346457 1 P 0
L 2.8267717 2.9094488 2.8503937 2.9094488 1 P 0
L 2.8385827 1.406496 2.8385827 1.5226375 0 P 0
L 2.8385827 1.406496 2.956693 1.406496 0 P 0
L 2.8385827 1.5226375 2.8676181 1.5226375 0 P 0
L 2.8385827 2.8228347 2.8385827 2.8464567 1 P 0
L 2.8385827 2.8976378 2.8385827 2.9212598 1 P 0
L 2.8425197 2.1062992 2.8661417 2.1062992 1 P 0
L 2.8464567 2.7283465 2.8464567 2.7677165 1 P 0
L 2.8543307 2.0944882 2.8543307 2.1181102 1 P 0
L 2.8641733 1.8326771 2.8641733 2.0019685 1 P 0
L 2.8661417 2.3090551 2.8661417 2.6751968 1 P 0
L 2.8676181 1.5226375 2.8821358 1.5226375 0 P 0
L 2.8821358 1.5226375 2.9111713 1.5226375 0 P 0
L 2.8838583 2.0452756 2.8838583 2.1673228 1 P 0
L 2.8996063 2.8051181 2.8996063 2.8641733 1 P 0
L 2.8996063 2.8799212 2.8996063 2.9389764 1 P 0
L 2.9111713 1.5226375 2.925689 1.5226375 0 P 0
L 2.9153543 2.7086614 2.9153543 2.7874016 1 P 0
L 2.925689 1.5226375 2.9547244 1.5226375 0 P 0
L 2.9389764 2.2696849 2.9389764 2.3287401 1 P 0
L 2.9389764 2.2696849 3.0610236 2.2696849 1 P 0
L 2.9389764 2.3287401 3.0610236 2.3287401 1 P 0
L 2.9389764 2.3562992 2.9389764 2.4153544 1 P 0
L 2.9389764 2.3562992 3.0610236 2.3562992 1 P 0
L 2.9389764 2.4153544 3.0610236 2.4153544 1 P 0
L 2.9389764 2.4350393 2.9389764 2.4940945 1 P 0
L 2.9389764 2.4350393 3.0610236 2.4350393 1 P 0
L 2.9389764 2.4940945 3.0610236 2.4940945 1 P 0
L 2.9409449 2.1909448 2.9409449 2.25 1 P 0
L 2.9409449 2.1909448 3.0590551 2.1909448 1 P 0
L 2.9409449 2.25 3.0590551 2.25 1 P 0
L 2.9409449 2.5295275 2.9409449 2.5885827 1 P 0
L 2.9409449 2.5295275 3.0590551 2.5295275 1 P 0
L 2.9409449 2.5885827 3.0590551 2.5885827 1 P 0
L 2.9409449 2.6043307 2.9409449 2.6633859 1 P 0
L 2.9409449 2.6043307 3.0590551 2.6043307 1 P 0
L 2.9409449 2.6633859 3.0590551 2.6633859 1 P 0
L 2.9429134 1.8051181 2.9429134 1.8641733 1 P 0
L 2.9429134 1.8051181 3.0649606 1.8051181 1 P 0
L 2.9429134 1.8641733 3.0649606 1.8641733 1 P 0
L 2.9429134 1.8759842 2.9429134 1.9350394 1 P 0
L 2.9429134 1.8759842 3.0649606 1.8759842 1 P 0
L 2.9429134 1.9350394 3.0649606 1.9350394 1 P 0
L 2.9429134 1.9507874 2.9429134 2.0098426 1 P 0
L 2.9429134 1.9507874 3.0649606 1.9507874 1 P 0
L 2.9429134 2.0098426 3.0649606 2.0098426 1 P 0
L 2.9429134 2.0255905 2.9429134 2.0846457 1 P 0
L 2.9429134 2.0255905 3.0649606 2.0255905 1 P 0
L 2.9429134 2.0846457 3.0649606 2.0846457 1 P 0
L 2.9429134 2.7086614 2.9429134 2.7874016 1 P 0
L 2.9429134 2.7086614 3.0807086 2.7086614 1 P 0
L 2.9429134 2.7874016 3.0807086 2.7874016 1 P 0
L 2.956693 1.406496 2.956693 1.5206689 0 P 0
L 2.9586614 2.8051181 2.9586614 2.8641733 1 P 0
L 2.9586614 2.8051181 3.0807086 2.8051181 1 P 0
L 2.9586614 2.8641733 3.0807086 2.8641733 1 P 0
L 2.9586614 2.8799212 2.9586614 2.9389764 1 P 0
L 2.9586614 2.8799212 3.0807086 2.8799212 1 P 0
L 2.9586614 2.9389764 3.0807086 2.9389764 1 P 0
L 2.988189 2.2204724 3.011811 2.2204724 1 P 0
L 2.988189 2.2992125 3.011811 2.2992125 1 P 0
L 2.988189 2.3858268 3.011811 2.3858268 1 P 0
L 2.988189 2.4645669 3.011811 2.4645669 1 P 0
L 2.988189 2.5590551 3.011811 2.5590551 1 P 0
L 2.988189 2.6338583 3.011811 2.6338583 1 P 0
L 2.992126 1.8346457 3.015748 1.8346457 1 P 0
L 2.992126 1.9055118 3.015748 1.9055118 1 P 0
L 2.992126 1.980315 3.015748 1.980315 1 P 0
L 2.992126 2.0551181 3.015748 2.0551181 1 P 0
L 2.992126 2.7480315 3.031496 2.7480315 1 P 0
L 3 2.2086614 3 2.2322834 1 P 0
L 3 2.2874015 3 2.3110235 1 P 0
L 3 2.3740158 3 2.3976378 1 P 0
L 3 2.4527559 3 2.4763779 1 P 0
L 3 2.5472441 3 2.5708661 1 P 0
L 3 2.6220473 3 2.6456693 1 P 0
L 3.003937 1.8228347 3.003937 1.8464567 1 P 0
L 3.003937 1.8937008 3.003937 1.9173228 1 P 0
L 3.003937 1.968504 3.003937 1.992126 1 P 0
L 3.003937 2.0433071 3.003937 2.0669291 1 P 0
L 3.007874 2.8346457 3.031496 2.8346457 1 P 0
L 3.007874 2.9094488 3.031496 2.9094488 1 P 0
L 3.011811 2.7283465 3.011811 2.7677165 1 P 0
L 3.019685 2.8228347 3.019685 2.8464567 1 P 0
L 3.019685 2.8976378 3.019685 2.9212598 1 P 0
L 3.0590551 2.1909448 3.0590551 2.25 1 P 0
L 3.0590551 2.5295275 3.0590551 2.5885827 1 P 0
L 3.0590551 2.6043307 3.0590551 2.6633859 1 P 0
L 3.0610236 2.2696849 3.0610236 2.3287401 1 P 0
L 3.0610236 2.3562992 3.0610236 2.4153544 1 P 0
L 3.0610236 2.4350393 3.0610236 2.4940945 1 P 0
L 3.0649606 1.8051181 3.0649606 1.8641733 1 P 0
L 3.0649606 1.8759842 3.0649606 1.9350394 1 P 0
L 3.0649606 1.9507874 3.0649606 2.0098426 1 P 0
L 3.0649606 2.0255905 3.0649606 2.0846457 1 P 0
L 3.0807086 2.7086614 3.0807086 2.7874016 1 P 0
L 3.0807086 2.8051181 3.0807086 2.8641733 1 P 0
L 3.0807086 2.8799212 3.0807086 2.9389764 1 P 0
L 3.3464567 1.1811024 3.3464567 3.1496063 0 P 0
