#Layer_Color=8388736
#
#Feature symbol names
#
$0 r3.937
$1 r11.811
$2 r3

#
#Feature attribute names
#

#
#Layer features
#
A 2.406693 3.3255906 2.406693 3.3255906 2.3850394 3.3255906 0 P 0 N
A 2.4086615 3.3255906 2.4086615 3.3255906 2.3850394 3.3255906 0 P 0 N
A 2.781496 3.3096456 2.781496 3.3096456 2.761811 3.3096456 0 P 0 N
A 2.7834645 3.2240157 2.7913385 3.2161417 2.7913385 3.2240157 0 P 0 N
A 2.8385827 3.2161417 2.8464567 3.2240157 2.8385827 3.2240157 0 P 0 N
A 3.1136142 3.2500866 3.1136142 3.2500866 3.1096142 3.2500866 1 P 0 N
L 2.2141731 3.5541338 2.2141731 3.8061024 0 P 0
L 2.2141731 3.5541338 2.2543306 3.5541338 0 P 0
L 2.2141731 3.7411418 2.4015748 3.7411418 0 P 0
L 2.2141731 3.8061024 2.5889765 3.8061024 0 P 0
L 2.2543306 3.5541338 2.2543306 3.7411418 0 P 0
L 2.2637795 3.0905512 2.2637796 3.0905511 0 P 0
L 2.2637795 3.0905512 2.6181097 3.0905512 0 P 0
L 2.2637796 1.8307086 2.2637796 3.0905511 0 P 0
L 2.2637796 1.8307086 2.7362211 1.8307086 0 P 0
L 2.2647606 2.2588566 2.2647606 2.3277542 0 P 0
L 2.2647606 2.2588566 2.3021622 2.2588566 0 P 0
L 2.2647606 2.3277542 2.3021622 2.3277542 0 P 0
L 2.265748 3.2346456 2.265748 3.3598426 0 P 0
L 2.265748 3.2346456 2.4192914 3.2346456 0 P 0
L 2.265748 3.3598426 2.4192914 3.3598426 0 P 0
L 2.2771653 3.2261114 2.2771653 3.2346456 0 P 0
L 2.2771653 3.2261114 2.2992126 3.2259842 0 P 0
L 2.2785416 2.3828772 2.2785416 2.4202788 0 P 0
L 2.2785416 2.3828772 2.3474392 2.3828772 0 P 0
L 2.2785416 2.4202788 2.3474392 2.4202788 0 P 0
L 2.2797637 3.9421655 2.2797637 3.9475986 0 P 0
L 2.2797637 3.9421655 2.294685 3.9338584 0 P 0
L 2.2797637 3.9421655 2.5064959 3.9338584 0 P 0
L 2.2797637 3.9475986 2.294685 3.9559057 0 P 0
L 2.2797637 3.9475986 2.5083738 3.9338584 0 P 0
L 2.2797637 3.9642128 2.2797637 3.9696458 0 P 0
L 2.2797637 3.9642128 2.294685 3.9559057 0 P 0
L 2.2797637 3.9642128 2.5233859 3.9421655 0 P 0
L 2.2797637 3.9696458 2.294685 3.9779529 0 P 0
L 2.2797637 3.9696458 2.5233859 3.9475986 0 P 0
L 2.2797637 3.98626 2.2797637 3.9916931 0 P 0
L 2.2797637 3.98626 2.294685 3.9779529 0 P 0
L 2.2797637 3.98626 2.5233859 3.9642128 0 P 0
L 2.2797637 3.9916931 2.294685 4.0000002 0 P 0
L 2.2797637 3.9916931 2.5233859 3.9696458 0 P 0
L 2.2797637 4.0083073 2.2797637 4.0137403 0 P 0
L 2.2797637 4.0083073 2.294685 4.0000002 0 P 0
L 2.2797637 4.0083073 2.5233859 3.98626 0 P 0
L 2.2797637 4.0137403 2.294685 4.0220474 0 P 0
L 2.2797637 4.0137403 2.5233859 3.9916931 0 P 0
L 2.2797637 4.0303545 2.2797637 4.0357876 0 P 0
L 2.2797637 4.0303545 2.294685 4.0220474 0 P 0
L 2.2797637 4.0303545 2.5233859 4.0083073 0 P 0
L 2.2797637 4.0357876 2.294685 4.0440947 0 P 0
L 2.2797637 4.0357876 2.5233859 4.0137403 0 P 0
L 2.2797637 4.0524018 2.2797637 4.0578349 0 P 0
L 2.2797637 4.0524018 2.294685 4.0440947 0 P 0
L 2.2797637 4.0524018 2.5233859 4.0303545 0 P 0
L 2.2797637 4.0578349 2.294685 4.066142 0 P 0
L 2.2797637 4.0578349 2.5233859 4.0357876 0 P 0
L 2.2797637 4.074449 2.2797637 4.0798821 0 P 0
L 2.2797637 4.074449 2.294685 4.066142 0 P 0
L 2.2797637 4.074449 2.5233859 4.0524018 0 P 0
L 2.2797637 4.0798821 2.2966535 4.0881892 0 P 0
L 2.2797637 4.0798821 2.5233859 4.0578349 0 P 0
L 2.294685 3.9338584 2.5083738 3.9338584 0 P 0
L 2.294685 3.9559057 2.5083738 3.9338584 0 P 0
L 2.294685 3.9779529 2.5084646 3.9559057 0 P 0
L 2.294685 4.0000002 2.5084646 3.9779529 0 P 0
L 2.294685 4.0220474 2.5084646 4.0000002 0 P 0
L 2.294685 4.0440947 2.5084646 4.0220474 0 P 0
L 2.294685 4.066142 2.5084646 4.0440947 0 P 0
L 2.2966535 3.9338584 2.3049893 3.9190946 0 P 0
L 2.2966535 4.0881892 2.2966535 4.1163388 0 P 0
L 2.2966535 4.0881892 2.5084646 4.066142 0 P 0
L 2.2966535 4.0881892 2.5084646 4.0881892 0 P 0
L 2.2966535 4.0881892 2.5233859 4.074449 0 P 0
L 2.2966535 4.0881892 2.5233859 4.0798821 0 P 0
L 2.2966535 4.1163388 2.5064961 4.1163388 0 P 0
L 2.2992126 3.2259842 2.2992126 3.2346456 0 P 0
L 2.3021622 2.2588566 2.3021622 2.3277542 0 P 0
L 2.3049891 3.9190946 2.4979288 3.9190946 0 P 0
L 2.3049893 3.8061024 2.3049893 3.9190946 0 P 0
L 2.3232284 3.3598426 2.3232284 3.368504 0 P 0
L 2.3232284 3.368504 2.361811 3.368504 0 P 0
L 2.3474392 2.3828772 2.3474392 2.4202788 0 P 0
L 2.361811 3.3598426 2.361811 3.368504 0 P 0
L 2.3653813 3.3346699 2.3941188 3.3059324 0 P 0
L 2.3759601 3.3452487 2.4046975 3.3165112 0 P 0
L 2.3858268 3.2259842 2.3858268 3.2346456 0 P 0
L 2.3858268 3.2259842 2.4078741 3.2259842 0 P 0
L 2.3916815 3.6659449 2.3916815 3.7411418 0 P 0
L 2.3916815 3.6659449 2.4114681 3.6659449 0 P 0
L 2.4015748 3.503937 2.4015748 3.7411418 0 P 0
L 2.4015748 3.7411418 2.5889765 3.7411418 0 P 0
L 2.4078741 3.2259842 2.4078741 3.2346456 0 P 0
L 2.4114681 3.6659449 2.4114681 3.7411418 0 P 0
L 2.4192914 3.2346456 2.4192914 3.3598426 0 P 0
L 2.4979288 3.8061024 2.4979288 3.9190946 0 P 0
L 2.4979288 3.9190946 2.5064959 3.9338584 0 P 0
L 2.5000075 3.1427165 2.5000075 3.1958661 0 P 0
L 2.5000075 3.1427165 2.5354331 3.1427165 0 P 0
L 2.5000075 3.1958661 2.5354331 3.1958661 0 P 0
L 2.5000075 3.3198819 2.5000075 3.3730315 0 P 0
L 2.5000075 3.3198819 2.5354331 3.3198819 0 P 0
L 2.5000075 3.3730315 2.5354331 3.3730315 0 P 0
L 2.5064961 4.0881892 2.5064961 4.1163388 0 P 0
L 2.5083738 3.9338584 2.5233859 3.9421655 0 P 0
L 2.5084646 3.9559057 2.5233859 3.9475986 0 P 0
L 2.5084646 3.9559057 2.5233859 3.9642128 0 P 0
L 2.5084646 3.9779529 2.5233859 3.9696458 0 P 0
L 2.5084646 3.9779529 2.5233859 3.98626 0 P 0
L 2.5084646 4.0000002 2.5233859 3.9916931 0 P 0
L 2.5084646 4.0000002 2.5233859 4.0083073 0 P 0
L 2.5084646 4.0220474 2.5233859 4.0137403 0 P 0
L 2.5084646 4.0220474 2.5233859 4.0303545 0 P 0
L 2.5084646 4.0440947 2.5233859 4.0357876 0 P 0
L 2.5084646 4.0440947 2.5233859 4.0524018 0 P 0
L 2.5084646 4.066142 2.5233859 4.0578349 0 P 0
L 2.5084646 4.066142 2.5233859 4.074449 0 P 0
L 2.5084646 4.0881892 2.5233859 4.0798821 0 P 0
L 2.5147638 2.8838582 2.5147638 2.9625984 0 P 0
L 2.5147638 2.8838582 2.5639764 2.8838582 0 P 0
L 2.5147638 2.9625984 2.5639764 2.9625984 0 P 0
L 2.5233859 3.9421655 2.5233859 3.9475986 0 P 0
L 2.5233859 3.9642128 2.5233859 3.9696458 0 P 0
L 2.5233859 3.98626 2.5233859 3.9916931 0 P 0
L 2.5233859 4.0083073 2.5233859 4.0137403 0 P 0
L 2.5233859 4.0303545 2.5233859 4.0357876 0 P 0
L 2.5233859 4.0524018 2.5233859 4.0578349 0 P 0
L 2.5233859 4.074449 2.5233859 4.0798821 0 P 0
L 2.5246046 2.4813024 2.5246046 2.518704 0 P 0
L 2.5246046 2.4813024 2.5935022 2.4813024 0 P 0
L 2.5246046 2.518704 2.5935022 2.518704 0 P 0
L 2.5354331 3.1427165 2.5354331 3.1505905 0 P 0
L 2.5354331 3.1505905 2.5629921 3.1505905 0 P 0
L 2.5354331 3.1879921 2.5354331 3.1958661 0 P 0
L 2.5354331 3.1879921 2.5629921 3.1879921 0 P 0
L 2.5354331 3.3198819 2.5354331 3.3277559 0 P 0
L 2.5354331 3.3277559 2.5629921 3.3277559 0 P 0
L 2.5354331 3.3651575 2.5354331 3.3730315 0 P 0
L 2.5354331 3.3651575 2.5629921 3.3651575 0 P 0
L 2.548819 3.5541338 2.548819 3.7411418 0 P 0
L 2.548819 3.5541338 2.5889765 3.5541338 0 P 0
L 2.5629921 3.1427165 2.5629921 3.1505905 0 P 0
L 2.5629921 3.1427165 2.5984177 3.1427165 0 P 0
L 2.5629921 3.1879921 2.5629921 3.1958661 0 P 0
L 2.5629921 3.1958661 2.5984177 3.1958661 0 P 0
L 2.5629921 3.3198819 2.5629921 3.3277559 0 P 0
L 2.5629921 3.3198819 2.5984177 3.3198819 0 P 0
L 2.5629921 3.3651575 2.5629921 3.3730315 0 P 0
L 2.5629921 3.3730315 2.5984177 3.3730315 0 P 0
L 2.5639764 2.8838582 2.5639764 2.9625984 0 P 0
L 2.5669291 1.9448819 2.5669291 2.0708661 0 P 0
L 2.5669291 1.9448819 2.6299213 1.9448819 0 P 0
L 2.5669291 2.0708661 2.6299213 2.0708661 0 P 0
L 2.5889765 3.5541338 2.5889765 3.8061024 0 P 0
L 2.5935022 2.4813024 2.5935022 2.518704 0 P 0
L 2.5984177 3.1427165 2.5984177 3.1958661 0 P 0
L 2.5984177 3.3198819 2.5984177 3.3730315 0 P 0
L 2.6102362 2.6716536 2.6102362 2.8795277 0 P 0
L 2.6102362 2.6716536 2.7244094 2.6716536 0 P 0
L 2.6102362 2.851378 2.7244094 2.851378 0 P 0
L 2.6102362 2.8543308 2.7244094 2.8543308 0 P 0
L 2.6102362 2.8572835 2.7244094 2.8572835 0 P 0
L 2.6102362 2.8602363 2.7244094 2.8602363 0 P 0
L 2.6102362 2.863189 2.7244094 2.863189 0 P 0
L 2.6102362 2.8661418 2.7244094 2.8661418 0 P 0
L 2.6102362 2.8690945 2.7244094 2.8690945 0 P 0
L 2.6102362 2.8720473 2.7244094 2.8720473 0 P 0
L 2.6102362 2.875 2.7244094 2.875 0 P 0
L 2.6102362 2.8769686 2.7244094 2.8769686 0 P 0
L 2.6102362 2.8795277 2.7244094 2.8795277 0 P 0
L 2.6181097 3.0905512 3.0905512 3.0905512 0 P 0
L 2.6299213 1.9448819 2.6299213 2.0708661 0 P 0
L 2.6771654 1.9350394 2.6771654 2.0807086 0 P 0
L 2.6771654 1.9350394 2.7952756 1.9350394 0 P 0
L 2.6771654 1.9370079 2.7952756 1.9370079 0 P 0
L 2.6771654 1.9399606 2.7952756 1.9399606 0 P 0
L 2.6771654 1.9429134 2.7952756 1.9429134 0 P 0
L 2.6771654 1.9458661 2.7952756 1.9458661 0 P 0
L 2.6771654 1.9488189 2.7952756 1.9488189 0 P 0
L 2.6771654 1.9517716 2.7952756 1.9517716 0 P 0
L 2.6771654 1.9547244 2.7952756 1.9547244 0 P 0
L 2.6771654 1.9576772 2.7952756 1.9576772 0 P 0
L 2.6771654 1.9606299 2.7952756 1.9606299 0 P 0
L 2.6771654 2.0807086 2.7952756 2.0807086 0 P 0
L 2.7062991 3.5541338 2.7062991 3.8061024 0 P 0
L 2.7062991 3.5541338 2.7464566 3.5541338 0 P 0
L 2.7062991 3.7411418 2.8937008 3.7411418 0 P 0
L 2.7062991 3.8061024 3.0811025 3.8061024 0 P 0
L 2.7244094 2.6716536 2.7244094 2.8795277 0 P 0
L 2.7263779 3.2385827 2.7263779 3.3362205 0 P 0
L 2.7263779 3.2385827 2.7834645 3.2385827 0 P 0
L 2.7263779 3.3362205 2.7464566 3.3362205 0 P 0
L 2.7362211 1.8307086 3.0905512 1.8307086 0 P 0
L 2.7362211 1.8307086 3.0905512 1.8307086 0 P 0
L 2.7362211 1.8307086 3.0905512 1.8307086 0 P 0
L 2.7464566 3.334877 2.7464566 3.3834646 0 P 0
L 2.7464566 3.334877 2.7653543 3.334877 0 P 0
L 2.7464566 3.3834646 2.7653543 3.3834646 0 P 0
L 2.7464566 3.5541338 2.7464566 3.7411418 0 P 0
L 2.7653543 3.334877 2.7653543 3.3834646 0 P 0
L 2.7653543 3.3362205 2.8055118 3.3362205 0 P 0
L 2.7677165 2.6716535 2.7677165 2.8795276 0 P 0
L 2.7677165 2.6716535 2.8818897 2.6716535 0 P 0
L 2.7677165 2.6742126 2.8818897 2.6742126 0 P 0
L 2.7677165 2.6761812 2.8818897 2.6761812 0 P 0
L 2.7677165 2.6791339 2.8818897 2.6791339 0 P 0
L 2.7677165 2.6820867 2.8818897 2.6820867 0 P 0
L 2.7677165 2.6850394 2.8818897 2.6850394 0 P 0
L 2.7677165 2.6879922 2.8818897 2.6879922 0 P 0
L 2.7677165 2.6909449 2.8818897 2.6909449 0 P 0
L 2.7677165 2.6938977 2.8818897 2.6938977 0 P 0
L 2.7677165 2.6968504 2.8818897 2.6968504 0 P 0
L 2.7677165 2.6998032 2.8818897 2.6998032 0 P 0
L 2.7677165 2.8795276 2.8818897 2.8795276 0 P 0
L 2.7718897 3.9421655 2.7718897 3.9475986 0 P 0
L 2.7718897 3.9421655 2.786811 3.9338584 0 P 0
L 2.7718897 3.9421655 2.9986219 3.9338584 0 P 0
L 2.7718897 3.9475986 2.786811 3.9559057 0 P 0
L 2.7718897 3.9475986 3.0004998 3.9338584 0 P 0
L 2.7718897 3.9642128 2.7718897 3.9696458 0 P 0
L 2.7718897 3.9642128 2.786811 3.9559057 0 P 0
L 2.7718897 3.9642128 3.0155119 3.9421655 0 P 0
L 2.7718897 3.9696458 2.786811 3.9779529 0 P 0
L 2.7718897 3.9696458 3.0155119 3.9475986 0 P 0
L 2.7718897 3.98626 2.7718897 3.9916931 0 P 0
L 2.7718897 3.98626 2.786811 3.9779529 0 P 0
L 2.7718897 3.98626 3.0155119 3.9642128 0 P 0
L 2.7718897 3.9916931 2.786811 4.0000002 0 P 0
L 2.7718897 3.9916931 3.0155119 3.9696458 0 P 0
L 2.7718897 4.0083073 2.7718897 4.0137403 0 P 0
L 2.7718897 4.0083073 2.786811 4.0000002 0 P 0
L 2.7718897 4.0083073 3.0155119 3.98626 0 P 0
L 2.7718897 4.0137403 2.786811 4.0220474 0 P 0
L 2.7718897 4.0137403 3.0155119 3.9916931 0 P 0
L 2.7718897 4.0303545 2.7718897 4.0357876 0 P 0
L 2.7718897 4.0303545 2.786811 4.0220474 0 P 0
L 2.7718897 4.0303545 3.0155119 4.0083073 0 P 0
L 2.7718897 4.0357876 2.786811 4.0440947 0 P 0
L 2.7718897 4.0357876 3.0155119 4.0137403 0 P 0
L 2.7718897 4.0524018 2.7718897 4.0578349 0 P 0
L 2.7718897 4.0524018 2.786811 4.0440947 0 P 0
L 2.7718897 4.0524018 3.0155119 4.0303545 0 P 0
L 2.7718897 4.0578349 2.786811 4.066142 0 P 0
L 2.7718897 4.0578349 3.0155119 4.0357876 0 P 0
L 2.7718897 4.074449 2.7718897 4.0798821 0 P 0
L 2.7718897 4.074449 2.786811 4.066142 0 P 0
L 2.7718897 4.074449 3.0155119 4.0524018 0 P 0
L 2.7718897 4.0798821 2.7887795 4.0881892 0 P 0
L 2.7718897 4.0798821 3.0155119 4.0578349 0 P 0
L 2.7834645 3.2240157 2.7834645 3.2399262 0 P 0
L 2.7834645 3.2399262 2.8464567 3.2399262 0 P 0
L 2.786811 3.9338584 3.0004998 3.9338584 0 P 0
L 2.786811 3.9559057 3.0004998 3.9338584 0 P 0
L 2.786811 3.9779529 3.0005906 3.9559057 0 P 0
L 2.786811 4.0000002 3.0005906 3.9779529 0 P 0
L 2.786811 4.0220474 3.0005906 4.0000002 0 P 0
L 2.786811 4.0440947 3.0005906 4.0220474 0 P 0
L 2.786811 4.066142 3.0005906 4.0440947 0 P 0
L 2.7887795 3.9338584 2.7971153 3.9190946 0 P 0
L 2.7887795 4.0881892 2.7887795 4.1163388 0 P 0
L 2.7887795 4.0881892 3.0005906 4.066142 0 P 0
L 2.7887795 4.0881892 3.0005906 4.0881892 0 P 0
L 2.7887795 4.0881892 3.0155119 4.074449 0 P 0
L 2.7887795 4.0881892 3.0155119 4.0798821 0 P 0
L 2.7887795 4.1163388 2.9986221 4.1163388 0 P 0
L 2.7913385 3.2161417 2.8385827 3.2161417 0 P 0
L 2.7952756 1.9350394 2.7952756 2.0807086 0 P 0
L 2.7971151 3.9190946 2.9900548 3.9190946 0 P 0
L 2.7971153 3.8061024 2.7971153 3.9190946 0 P 0
L 2.8055118 3.334877 2.8055118 3.3834646 0 P 0
L 2.8055118 3.334877 2.8244094 3.334877 0 P 0
L 2.8055118 3.3834646 2.8244094 3.3834646 0 P 0
L 2.8228347 2.2637795 2.8228347 2.4606299 0 P 0
L 2.8228347 2.2637795 3.0433071 2.2637795 0 P 0
L 2.8228347 2.4606299 3.0433071 2.4606299 0 P 0
L 2.8244094 3.334877 2.8244094 3.3834646 0 P 0
L 2.8244094 3.3362205 2.8645669 3.3362205 0 P 0
L 2.8297261 2.1663354 2.8297261 2.203737 0 P 0
L 2.8297261 2.1663354 2.8986237 2.1663354 0 P 0
L 2.8297261 2.203737 2.8986237 2.203737 0 P 0
L 2.8464567 3.2240157 2.8464567 3.2399262 0 P 0
L 2.8464567 3.2385827 2.9035433 3.2385827 0 P 0
L 2.8645669 3.334877 2.8645669 3.3834646 0 P 0
L 2.8645669 3.334877 2.8834646 3.334877 0 P 0
L 2.8645669 3.3834646 2.8834646 3.3834646 0 P 0
L 2.8818897 2.6716535 2.8818897 2.8795276 0 P 0
L 2.8834646 3.334877 2.8834646 3.3834646 0 P 0
L 2.8834646 3.3362205 2.9035433 3.3362205 0 P 0
L 2.8838075 3.6659449 2.8838075 3.7411418 0 P 0
L 2.8838075 3.6659449 2.9035941 3.6659449 0 P 0
L 2.8937008 3.503937 2.8937008 3.7411418 0 P 0
L 2.8937008 3.7411418 3.0811025 3.7411418 0 P 0
L 2.8986237 2.1663354 2.8986237 2.203737 0 P 0
L 2.9035433 3.2385827 2.9035433 3.3362205 0 P 0
L 2.9035941 3.6659449 2.9035941 3.7411418 0 P 0
L 2.9557087 3.2750866 2.9557087 3.3390866 2 P 0
L 2.9557087 3.2750866 2.9657087 3.2650866 2 P 0
L 2.9557087 3.3390866 2.9657087 3.3490866 2 P 0
L 2.9657087 3.2650866 2.9957087 3.2650866 2 P 0
L 2.9657087 3.3490866 2.9957087 3.3490866 2 P 0
L 2.9872047 3.3858268 2.9872047 3.464567 0 P 0
L 2.9872047 3.3858268 3.0364173 3.3858268 0 P 0
L 2.9872047 3.3897638 2.9911417 3.3858268 0 P 0
L 2.9872047 3.3937008 2.9950787 3.3858268 0 P 0
L 2.9872047 3.3976378 2.9990157 3.3858268 0 P 0
L 2.9872047 3.4015749 3.0029527 3.3858268 0 P 0
L 2.9872047 3.4055119 3.0068897 3.3858268 0 P 0
L 2.9872047 3.4094489 3.0108267 3.3858268 0 P 0
L 2.9872047 3.4133859 3.0147638 3.3858268 0 P 0
L 2.9872047 3.4173229 3.0187008 3.3858268 0 P 0
L 2.9872047 3.4212599 3.0226378 3.3858268 0 P 0
L 2.9872047 3.4251969 3.0265748 3.3858268 0 P 0
L 2.9872047 3.464567 3.0364173 3.464567 0 P 0
L 2.9900548 3.8061024 2.9900548 3.9190946 0 P 0
L 2.9900548 3.9190946 2.9986219 3.9338584 0 P 0
L 2.9957087 3.2650866 3.0057087 3.2750866 2 P 0
L 2.9957087 3.3490866 3.0057087 3.3390866 2 P 0
L 2.9986221 4.0881892 2.9986221 4.1163388 0 P 0
L 3.0004998 3.9338584 3.0155119 3.9421655 0 P 0
L 3.0005906 3.9559057 3.0155119 3.9475986 0 P 0
L 3.0005906 3.9559057 3.0155119 3.9642128 0 P 0
L 3.0005906 3.9779529 3.0155119 3.9696458 0 P 0
L 3.0005906 3.9779529 3.0155119 3.98626 0 P 0
L 3.0005906 4.0000002 3.0155119 3.9916931 0 P 0
L 3.0005906 4.0000002 3.0155119 4.0083073 0 P 0
L 3.0005906 4.0220474 3.0155119 4.0137403 0 P 0
L 3.0005906 4.0220474 3.0155119 4.0303545 0 P 0
L 3.0005906 4.0440947 3.0155119 4.0357876 0 P 0
L 3.0005906 4.0440947 3.0155119 4.0524018 0 P 0
L 3.0005906 4.066142 3.0155119 4.0578349 0 P 0
L 3.0005906 4.066142 3.0155119 4.074449 0 P 0
L 3.0005906 4.0881892 3.0155119 4.0798821 0 P 0
L 3.0057087 3.2750866 3.0157087 3.2650866 2 P 0
L 3.0057087 3.3390866 3.0157087 3.3490866 2 P 0
L 3.0155119 3.9421655 3.0155119 3.9475986 0 P 0
L 3.0155119 3.9642128 3.0155119 3.9696458 0 P 0
L 3.0155119 3.98626 3.0155119 3.9916931 0 P 0
L 3.0155119 4.0083073 3.0155119 4.0137403 0 P 0
L 3.0155119 4.0303545 3.0155119 4.0357876 0 P 0
L 3.0155119 4.0524018 3.0155119 4.0578349 0 P 0
L 3.0155119 4.074449 3.0155119 4.0798821 0 P 0
L 3.0157087 3.2650866 3.0457087 3.2650866 2 P 0
L 3.0157087 3.3490866 3.0457087 3.3490866 2 P 0
L 3.0364173 3.3858268 3.0364173 3.464567 0 P 0
L 3.040945 3.5541338 3.040945 3.7411418 0 P 0
L 3.040945 3.5541338 3.0811025 3.5541338 0 P 0
L 3.0433071 2.2637795 3.0433071 2.4606299 0 P 0
L 3.0457087 3.2650866 3.0557087 3.2750866 2 P 0
L 3.0457087 3.3490866 3.0557087 3.3390866 2 P 0
L 3.0557087 3.2750866 3.0657087 3.2650866 2 P 0
L 3.0557087 3.3390866 3.0657087 3.3490866 2 P 0
L 3.0657087 3.2650866 3.0957087 3.2650866 2 P 0
L 3.0657087 3.3490866 3.0957087 3.3490866 2 P 0
L 3.0787401 2.6141733 3.0787401 2.7401575 0 P 0
L 3.0787401 2.6141733 3.1417323 2.6141733 0 P 0
L 3.0787401 2.7401575 3.1417323 2.7401575 0 P 0
L 3.0811025 3.5541338 3.0811025 3.8061024 0 P 0
L 3.0905512 1.8307086 3.0905512 3.0905512 0 P 0
L 3.0957087 3.2650866 3.1057087 3.2750866 2 P 0
L 3.0957087 3.3490866 3.1057087 3.3390866 2 P 0
L 3.1057087 3.2750866 3.1057087 3.3390866 2 P 0
L 3.1417323 2.6141733 3.1417323 2.7401575 0 P 0
