#Layer_Color=32896
#
#Feature symbol names
#
$0 r10
$1 r3.937

#
#Feature attribute names
#

#
#Layer features
#
L 1.9685039 1.1811024 1.9685039 3.1496063 0 P 0
L 1.9685039 1.1811024 3.3464567 1.1811024 0 P 0
L 1.9685039 3.1496063 3.3464567 3.1496063 0 P 0
L 2.1417322 2.6236221 2.1614173 2.6236221 1 P 0
L 2.1437007 2.592126 2.1437007 2.6551182 1 P 0
L 2.1437007 2.592126 2.1791338 2.592126 1 P 0
L 2.1437007 2.6551182 2.1791338 2.6551182 1 P 0
L 2.1584645 2.3582677 2.1781496 2.3582677 1 P 0
L 2.1614173 2.6039371 2.1614173 2.6236221 1 P 0
L 2.1614173 2.6236221 2.1614173 2.6433072 1 P 0
L 2.1614173 2.6236221 2.1811023 2.6236221 1 P 0
L 2.1667322 1.251575 2.1667322 1.3515751 1 P 0
L 2.1667322 1.251575 2.2316929 1.251575 1 P 0
L 2.1667322 1.3515751 2.2316929 1.3515751 1 P 0
L 2.1667322 1.7271651 2.1667322 1.8271652 1 P 0
L 2.1667322 1.7271651 2.2316929 1.7271651 1 P 0
L 2.1667322 1.8271652 2.2316929 1.8271652 1 P 0
L 2.1771653 1.9370079 2.2007874 1.9370079 1 P 0
L 2.1781496 2.3385826 2.1781496 2.3582677 1 P 0
L 2.1781496 2.3582677 2.1781496 2.3779528 1 P 0
L 2.1781496 2.3582677 2.1978346 2.3582677 1 P 0
L 2.1791338 2.592126 2.1791338 2.6551182 1 P 0
L 2.1795275 1.301575 2.1992125 1.301575 1 P 0
L 2.1795275 1.7771652 2.1992125 1.7771652 1 P 0
L 2.1909448 2.5023622 2.1909448 2.5535433 1 P 0
L 2.1909448 2.5023622 2.242126 2.5023622 1 P 0
L 2.1909448 2.5535433 2.242126 2.5535433 1 P 0
L 2.1968503 2.5279528 2.2165354 2.5279528 1 P 0
L 2.1968503 2.5787402 2.2165354 2.5787402 1 P 0
L 2.1992125 1.28189 2.1992125 1.301575 1 P 0
L 2.1992125 1.301575 2.1992125 1.3212601 1 P 0
L 2.1992125 1.301575 2.2188976 1.301575 1 P 0
L 2.1992125 1.7574801 2.1992125 1.7771652 1 P 0
L 2.1992125 1.7771652 2.1992125 1.7968502 1 P 0
L 2.1992125 1.7771652 2.2188976 1.7771652 1 P 0
L 2.2007874 1.9133858 2.2007874 1.9370079 1 P 0
L 2.2007874 1.9370079 2.2007874 1.96063 1 P 0
L 2.2007874 1.9370079 2.2244095 1.9370079 1 P 0
L 2.2086616 2.3582677 2.2283466 2.3582677 1 P 0
L 2.2125984 2.9448819 2.2322835 2.9448819 1 P 0
L 2.2125984 2.9950789 2.2322835 2.9950789 1 P 0
L 2.2125984 3.0452759 2.2322835 3.0452759 1 P 0
L 2.2165354 2.5082677 2.2165354 2.5279528 1 P 0
L 2.2165354 2.5279528 2.2165354 2.5476378 1 P 0
L 2.2165354 2.5279528 2.2362204 2.5279528 1 P 0
L 2.2165354 2.5590552 2.2165354 2.5787402 1 P 0
L 2.2165354 2.5787402 2.2165354 2.5984253 1 P 0
L 2.2165354 2.5787402 2.2362205 2.5787402 1 P 0
L 2.2283466 2.3385826 2.2283466 2.3582677 1 P 0
L 2.2283466 2.3582677 2.2283466 2.3779528 1 P 0
L 2.2283466 2.3582677 2.2480317 2.3582677 1 P 0
L 2.2316929 1.251575 2.2316929 1.3515751 1 P 0
L 2.2316929 1.7271651 2.2316929 1.8271652 1 P 0
L 2.2322835 2.9251968 2.2322835 2.9448819 1 P 0
L 2.2322835 2.9448819 2.2322835 2.9645669 1 P 0
L 2.2322835 2.9448819 2.2519686 2.9448819 1 P 0
L 2.2322835 2.9753939 2.2322835 2.9950789 1 P 0
L 2.2322835 2.9950789 2.2322835 3.014764 1 P 0
L 2.2322835 2.9950789 2.2519686 2.9950789 1 P 0
L 2.2322835 3.0255909 2.2322835 3.0452759 1 P 0
L 2.2322835 3.0452759 2.2322835 3.064961 1 P 0
L 2.2322835 3.0452759 2.2519686 3.0452759 1 P 0
L 2.242126 2.5023622 2.242126 2.5535433 1 P 0
L 2.2519685 2.6236221 2.2716535 2.6236221 1 P 0
L 2.253937 2.592126 2.253937 2.6551182 1 P 0
L 2.253937 2.592126 2.2893701 2.592126 1 P 0
L 2.253937 2.6551182 2.2893701 2.6551182 1 P 0
L 2.2588586 2.3582677 2.2785436 2.3582677 1 P 0
L 2.2667323 1.251575 2.2667323 1.3515751 1 P 0
L 2.2667323 1.251575 2.3316929 1.251575 1 P 0
L 2.2667323 1.3515751 2.3316929 1.3515751 1 P 0
L 2.2667323 1.7271651 2.2667323 1.8271652 1 P 0
L 2.2667323 1.7271651 2.3316929 1.7271651 1 P 0
L 2.2667323 1.8271652 2.3316929 1.8271652 1 P 0
L 2.2716535 2.6039371 2.2716535 2.6236221 1 P 0
L 2.2716535 2.6236221 2.2716535 2.6433072 1 P 0
L 2.2716535 2.6236221 2.2913386 2.6236221 1 P 0
L 2.2785436 2.3385826 2.2785436 2.3582677 1 P 0
L 2.2785436 2.3582677 2.2785436 2.3779528 1 P 0
L 2.2785436 2.3582677 2.2982287 2.3582677 1 P 0
L 2.2795275 1.301575 2.2992126 1.301575 1 P 0
L 2.2795275 1.7771652 2.2992126 1.7771652 1 P 0
L 2.2795276 1.5393701 2.2992126 1.5393701 1 P 0
L 2.2893701 2.592126 2.2893701 2.6551182 1 P 0
L 2.2992126 1.28189 2.2992126 1.301575 1 P 0
L 2.2992126 1.301575 2.2992126 1.3212601 1 P 0
L 2.2992126 1.301575 2.3188976 1.301575 1 P 0
L 2.2992126 1.519685 2.2992126 1.5393701 1 P 0
L 2.2992126 1.5393701 2.2992126 1.5590552 1 P 0
L 2.2992126 1.5393701 2.3188977 1.5393701 1 P 0
L 2.2992126 1.7574801 2.2992126 1.7771652 1 P 0
L 2.2992126 1.7771652 2.2992126 1.7968502 1 P 0
L 2.2992126 1.7771652 2.3188976 1.7771652 1 P 0
L 2.3110236 1.9370079 2.3346457 1.9370079 1 P 0
L 2.3316929 1.251575 2.3316929 1.3515751 1 P 0
L 2.3316929 1.7271651 2.3316929 1.8271652 1 P 0
L 2.3346457 1.9133858 2.3346457 1.9370079 1 P 0
L 2.3346457 1.9370079 2.3346457 1.96063 1 P 0
L 2.3346457 1.9370079 2.3582678 1.9370079 1 P 0
L 2.3366141 2.9438975 2.3366141 3.136811 1 P 0
L 2.3366141 2.9438975 2.3996063 2.9438975 1 P 0
L 2.3366141 3.136811 2.3996063 3.136811 1 P 0
L 2.3484251 3.0403543 2.3681102 3.0403543 1 P 0
L 2.3667323 1.251575 2.3667323 1.3515751 1 P 0
L 2.3667323 1.251575 2.431693 1.251575 1 P 0
L 2.3667323 1.3515751 2.431693 1.3515751 1 P 0
L 2.3667323 1.7271651 2.3667323 1.8271652 1 P 0
L 2.3667323 1.7271651 2.431693 1.7271651 1 P 0
L 2.3667323 1.8271652 2.431693 1.8271652 1 P 0
L 2.3681102 3.0206692 2.3681102 3.0403543 1 P 0
L 2.3681102 3.0403543 2.3681102 3.0600393 1 P 0
L 2.3681102 3.0403543 2.3877952 3.0403543 1 P 0
L 2.3795276 1.2763782 2.3992127 1.2763782 1 P 0
L 2.3795276 1.301575 2.3992127 1.301575 1 P 0
L 2.3795276 1.7771652 2.3992127 1.7771652 1 P 0
L 2.3992127 1.2566931 2.3992127 1.2763782 1 P 0
L 2.3992127 1.2763782 2.3992127 1.2960632 1 P 0
L 2.3992127 1.2763782 2.4188977 1.2763782 1 P 0
L 2.3992127 1.28189 2.3992127 1.301575 1 P 0
L 2.3992127 1.301575 2.3992127 1.3212601 1 P 0
L 2.3992127 1.301575 2.4188977 1.301575 1 P 0
L 2.3992127 1.7574801 2.3992127 1.7771652 1 P 0
L 2.3992127 1.7771652 2.3992127 1.7968502 1 P 0
L 2.3992127 1.7771652 2.4188977 1.7771652 1 P 0
L 2.3996063 2.9438975 2.3996063 3.136811 1 P 0
L 2.431693 1.251575 2.431693 1.3515751 1 P 0
L 2.431693 1.7271651 2.431693 1.8271652 1 P 0
L 2.5059055 3.0561023 2.5059055 3.1486221 1 P 0
L 2.5059055 3.0561023 2.5649607 3.0561023 1 P 0
L 2.5059055 3.1486221 2.5649607 3.1486221 1 P 0
L 2.515748 3.1023622 2.5354331 3.1023622 1 P 0
L 2.5354331 3.0826771 2.5354331 3.1023622 1 P 0
L 2.5354331 3.1023622 2.5354331 3.1220473 1 P 0
L 2.5354331 3.1023622 2.5551182 3.1023622 1 P 0
L 2.5649607 3.0561023 2.5649607 3.1486221 1 P 0
L 2.5889763 1.2421259 2.5889763 1.277559 1 P 0
L 2.5889763 1.2421259 2.6519685 1.2421259 1 P 0
L 2.5889763 1.277559 2.6519685 1.277559 1 P 0
L 2.5889763 1.3523622 2.5889763 1.3877953 1 P 0
L 2.5889763 1.3523622 2.6519685 1.3523622 1 P 0
L 2.5889763 1.3877953 2.6519685 1.3877953 1 P 0
L 2.6007873 1.2598425 2.6204724 1.2598425 1 P 0
L 2.6007873 1.3700787 2.6204724 1.3700787 1 P 0
L 2.6204724 1.2401574 2.6204724 1.2598425 1 P 0
L 2.6204724 1.2598425 2.6204724 1.2795275 1 P 0
L 2.6204724 1.2598425 2.6401574 1.2598425 1 P 0
L 2.6204724 1.3503937 2.6204724 1.3700787 1 P 0
L 2.6204724 1.3700787 2.6204724 1.3897638 1 P 0
L 2.6204724 1.3700787 2.6401574 1.3700787 1 P 0
L 2.6456692 1.3149606 2.6653543 1.3149606 1 P 0
L 2.6519685 1.2421259 2.6519685 1.277559 1 P 0
L 2.6519685 1.3523622 2.6519685 1.3877953 1 P 0
L 2.6653543 1.2952755 2.6653543 1.3149606 1 P 0
L 2.6653543 1.3149606 2.6653543 1.3346457 1 P 0
L 2.6653543 1.3149606 2.6850393 1.3149606 1 P 0
L 2.6712599 2.9438975 2.6712599 3.136811 1 P 0
L 2.6712599 2.9438975 2.7342521 2.9438975 1 P 0
L 2.6712599 3.136811 2.7342521 3.136811 1 P 0
L 2.683071 3.0403543 2.702756 3.0403543 1 P 0
L 2.6905512 1.28937 2.6905512 1.3405512 1 P 0
L 2.6905512 1.28937 2.7417323 1.28937 1 P 0
L 2.6905512 1.3405512 2.7417323 1.3405512 1 P 0
L 2.6964567 1.3149606 2.7161417 1.3149606 1 P 0
L 2.702756 3.0206692 2.702756 3.0403543 1 P 0
L 2.702756 3.0403543 2.702756 3.0600393 1 P 0
L 2.702756 3.0403543 2.7224411 3.0403543 1 P 0
L 2.7161417 1.2952755 2.7161417 1.3149606 1 P 0
L 2.7161417 1.3149606 2.7161417 1.3346456 1 P 0
L 2.7161417 1.3149606 2.7358268 1.3149606 1 P 0
L 2.7342521 2.9438975 2.7342521 3.136811 1 P 0
L 2.7417323 1.28937 2.7417323 1.3405512 1 P 0
L 3.3464567 1.1811024 3.3464567 3.1496063 0 P 0
