#Layer_Color=32768
#
#Feature symbol names
#
$0 r10
$1 r1.9685
$2 r3.937

#
#Feature attribute names
#

#
#Layer features
#
A 2.6122047 2.007874 2.6122047 2.007874 2.5984252 2.007874 1 P 0 N
L 1.9685039 1.7716535 1.9685039 3.7401575 0 P 0
L 1.9685039 1.7716535 3.3661417 1.7716535 0 P 0
L 1.9685039 3.7401575 3.3661417 3.7401575 0 P 0
L 2.1929133 3.5226377 2.1929133 3.815945 2 P 0
L 2.1929133 3.5226377 2.2755905 3.5226377 2 P 0
L 2.1929133 3.815945 2.2699212 3.815945 2 P 0
L 2.2519685 2.3720472 2.2519685 2.4311024 1 P 0
L 2.2519685 2.3720472 2.3740157 2.3720472 1 P 0
L 2.2519685 2.4311024 2.3740157 2.4311024 1 P 0
L 2.253937 2.2322835 2.253937 2.3543307 1 P 0
L 2.253937 2.2322835 2.3129922 2.2322835 1 P 0
L 2.253937 2.3543307 2.3129922 2.3543307 1 P 0
L 2.2559055 3.2110236 2.2559055 3.3834646 1 P 0
L 2.2559055 3.2110236 2.4291339 3.2110236 1 P 0
L 2.2559055 3.3834646 2.4291339 3.3834646 1 P 0
L 2.2699212 3.815945 2.2699212 4.1261814 2 P 0
L 2.2699212 4.1261814 2.5332284 4.1261814 2 P 0
L 2.2716536 2.2933071 2.2952756 2.2933071 1 P 0
L 2.2755905 3.5226377 2.2755905 3.7312993 2 P 0
L 2.2755905 3.7312993 2.3622047 3.7312993 2 P 0
L 2.2834646 2.2814961 2.2834646 2.3051181 1 P 0
L 2.3011811 2.4015748 2.3248031 2.4015748 1 P 0
L 2.3129921 2.3897638 2.3129921 2.4133858 1 P 0
L 2.3129922 2.2322835 2.3129922 2.3543307 1 P 0
L 2.3622047 3.6348425 2.3622047 3.7312993 2 P 0
L 2.3622047 3.6348425 2.4409449 3.6348425 2 P 0
L 2.3740157 2.3720472 2.3740157 2.4311024 1 P 0
L 2.4291339 3.2110236 2.4291339 3.3834646 1 P 0
L 2.4409449 3.6348425 2.4409449 3.7312993 2 P 0
L 2.4409449 3.7312993 2.5275591 3.7312993 2 P 0
L 2.4980315 2.4704724 2.4980315 2.5295276 1 P 0
L 2.4980315 2.4704724 2.6200787 2.4704724 1 P 0
L 2.4980315 2.5295276 2.6200787 2.5295276 1 P 0
L 2.5 2.8543307 2.5 2.9921259 1 P 0
L 2.5 2.8543307 2.5787402 2.8543307 1 P 0
L 2.5 2.9921259 2.5787402 2.9921259 1 P 0
L 2.5196851 2.9232283 2.5590551 2.9232283 1 P 0
L 2.5275591 3.5226377 2.5275591 3.7312993 2 P 0
L 2.5275591 3.5226377 2.6102363 3.5226377 2 P 0
L 2.5332284 3.815945 2.5332284 4.1261814 2 P 0
L 2.5332284 3.815945 2.6102363 3.815945 2 P 0
L 2.5393701 2.9035433 2.5393701 2.9429133 1 P 0
L 2.5472441 2.5 2.5708661 2.5 1 P 0
L 2.5531496 1.9163386 2.5531496 2.0994094 1 P 0
L 2.5531496 1.9163386 2.6437008 1.9163386 1 P 0
L 2.5531496 2.0994094 2.6437008 2.0994094 1 P 0
L 2.5590551 2.488189 2.5590551 2.511811 1 P 0
L 2.5787402 2.007874 2.6181102 2.007874 1 P 0
L 2.5787402 2.8543307 2.5787402 2.9921259 1 P 0
L 2.5984252 1.988189 2.5984252 2.027559 1 P 0
L 2.6003937 2.6417324 2.6003937 2.9094489 1 P 0
L 2.6003937 2.6417324 2.7342519 2.6417324 1 P 0
L 2.6003937 2.9094489 2.7342519 2.9094489 1 P 0
L 2.6102363 3.5226377 2.6102363 3.815945 2 P 0
L 2.6200787 2.4704724 2.6200787 2.5295276 1 P 0
L 2.6437008 1.9163386 2.6437008 2.0994094 1 P 0
L 2.6476378 2.7755906 2.6870078 2.7755906 1 P 0
L 2.6673228 2.7559056 2.6673228 2.7952757 1 P 0
L 2.6673229 1.9055118 2.6673229 2.1102362 1 P 0
L 2.6673229 1.9055118 2.8051181 1.9055118 1 P 0
L 2.6673229 2.1102362 2.8051181 2.1102362 1 P 0
L 2.6850393 3.5226377 2.6850393 3.815945 2 P 0
L 2.6850393 3.5226377 2.7677165 3.5226377 2 P 0
L 2.6850393 3.815945 2.7620472 3.815945 2 P 0
L 2.7165353 3.1994094 2.7165353 3.4001969 1 P 0
L 2.7165353 3.1994094 2.9133859 3.1994094 1 P 0
L 2.7165353 3.4001969 2.9133859 3.4001969 1 P 0
L 2.7244095 2.007874 2.7480315 2.007874 1 P 0
L 2.7342519 2.6417324 2.7342519 2.9094489 1 P 0
L 2.7362205 1.996063 2.7362205 2.019685 1 P 0
L 2.757874 2.6417323 2.757874 2.9094488 1 P 0
L 2.757874 2.6417323 2.8917322 2.6417323 1 P 0
L 2.757874 2.9094488 2.8917322 2.9094488 1 P 0
L 2.7620472 3.815945 2.7620472 4.1261814 2 P 0
L 2.7620472 4.1261814 3.0253544 4.1261814 2 P 0
L 2.7677165 3.5226377 2.7677165 3.7312993 2 P 0
L 2.7677165 3.7312993 2.8543307 3.7312993 2 P 0
L 2.7913386 2.246063 2.7913386 2.4783464 1 P 0
L 2.7913386 2.246063 3.0748032 2.246063 1 P 0
L 2.7913386 2.4783464 3.0748032 2.4783464 1 P 0
L 2.8031496 2.1555118 2.8031496 2.214567 1 P 0
L 2.8031496 2.1555118 2.9251968 2.1555118 1 P 0
L 2.8031496 2.214567 2.9251968 2.214567 1 P 0
L 2.8051181 1.9055118 2.8051181 2.1102362 1 P 0
L 2.8051181 2.7755906 2.8444881 2.7755906 1 P 0
L 2.8248031 2.7559055 2.8248031 2.7952756 1 P 0
L 2.8523622 2.1850394 2.8759842 2.1850394 1 P 0
L 2.8543307 3.6348425 2.8543307 3.7312993 2 P 0
L 2.8543307 3.6348425 2.9330709 3.6348425 2 P 0
L 2.8641732 2.1732284 2.8641732 2.1968504 1 P 0
L 2.8917322 2.6417323 2.8917322 2.9094488 1 P 0
L 2.9133859 2.3622047 2.9527559 2.3622047 1 P 0
L 2.9133859 3.1994094 2.9133859 3.4001969 1 P 0
L 2.9251968 2.1555118 2.9251968 2.214567 1 P 0
L 2.9330709 2.3425197 2.9330709 2.3818897 1 P 0
L 2.9330709 3.6348425 2.9330709 3.7312993 2 P 0
L 2.9330709 3.7312993 3.0196851 3.7312993 2 P 0
L 2.9429134 3.3740158 2.9429134 3.476378 1 P 0
L 2.9429134 3.3740158 3.0807086 3.3740158 1 P 0
L 2.9429134 3.476378 3.0807086 3.476378 1 P 0
L 2.992126 3.4251969 3.031496 3.4251969 1 P 0
L 3.011811 3.4055119 3.011811 3.4448819 1 P 0
L 3.0196851 3.5226377 3.0196851 3.7312993 2 P 0
L 3.0196851 3.5226377 3.1023623 3.5226377 2 P 0
L 3.0253544 3.815945 3.0253544 4.1261814 2 P 0
L 3.0253544 3.815945 3.1023623 3.815945 2 P 0
L 3.0649606 2.5866142 3.0649606 2.7677166 1 P 0
L 3.0649606 2.5866142 3.1555118 2.5866142 1 P 0
L 3.0649606 2.7677166 3.1555118 2.7677166 1 P 0
L 3.0748032 2.246063 3.0748032 2.4783464 1 P 0
L 3.0807086 3.3740158 3.0807086 3.476378 1 P 0
L 3.0984252 2.6771654 3.1220472 2.6771654 1 P 0
L 3.1023623 3.5226377 3.1023623 3.815945 2 P 0
L 3.1102362 2.6653544 3.1102362 2.6889764 1 P 0
L 3.1555118 2.5866142 3.1555118 2.7677166 1 P 0
L 3.3661417 1.7716535 3.3661417 1.91437 0 P 0
L 3.3661417 1.91437 3.3661417 2.121063 0 P 0
L 3.3661417 2.121063 3.3661417 2.2834645 0 P 0
L 3.3661417 2.2834645 3.3661417 2.5295275 0 P 0
L 3.3661417 2.5295275 3.3661417 2.9822835 0 P 0
L 3.3661417 2.9822835 3.3661417 3.2283465 0 P 0
L 3.3661417 3.2283465 3.3661417 3.390748 0 P 0
L 3.3661417 3.390748 3.3661417 3.597441 0 P 0
L 3.3661417 3.597441 3.3661417 3.7401575 0 P 0
