#Layer_Color=32768
#
#Feature symbol names
#
$0 r3.937
$1 r1.9685

#
#Feature attribute names
#

#
#Layer features
#
L 1.8858268 2.7175196 1.8858268 3.0108269 0 P 0
L 1.8858268 2.7175196 1.9628347 2.7175196 0 P 0
L 1.8858268 3.0108269 1.968504 3.0108269 0 P 0
L 1.9628347 2.4072832 1.9628347 2.7175196 0 P 0
L 1.9628347 2.4072832 2.2261419 2.4072832 0 P 0
L 1.968504 2.8021653 1.968504 3.0108269 0 P 0
L 1.968504 2.8021653 2.0551182 2.8021653 0 P 0
L 2.0551182 2.8021653 2.0551182 3.0025197 0 P 0
L 2.0551182 3.0025197 2.1338584 3.0025197 0 P 0
L 2.1338584 2.8021653 2.1338584 3.0025197 0 P 0
L 2.1338584 2.8021653 2.2204726 2.8021653 0 P 0
L 2.2204726 2.8021653 2.2204726 3.0108269 0 P 0
L 2.2204726 3.0108269 2.3031498 3.0108269 0 P 0
L 2.2261419 2.4072832 2.2261419 2.7175196 0 P 0
L 2.2261419 2.7175196 2.3031498 2.7175196 0 P 0
L 2.3031498 2.7175196 2.3031498 3.0108269 0 P 0
L 2.5236219 2.7194881 2.5236219 3.0127954 0 P 0
L 2.5236219 2.7194881 2.6006298 2.7194881 0 P 0
L 2.5236219 3.0127954 2.6062991 3.0127954 0 P 0
L 2.6006298 2.4092517 2.6006298 2.7194881 0 P 0
L 2.6006298 2.4092517 2.863937 2.4092517 0 P 0
L 2.6062991 2.8041338 2.6062991 3.0127954 0 P 0
L 2.6062991 2.8041338 2.6929133 2.8041338 0 P 0
L 2.6929133 2.8041338 2.6929133 3.0044882 0 P 0
L 2.6929133 3.0044882 2.7716535 3.0044882 0 P 0
L 2.7716535 2.8041338 2.7716535 3.0044882 0 P 0
L 2.7716535 2.8041338 2.8582677 2.8041338 0 P 0
L 2.8582677 2.8041338 2.8582677 3.0127954 0 P 0
L 2.8582677 3.0127954 2.9409449 3.0127954 0 P 0
L 2.863937 2.4092517 2.863937 2.7194881 0 P 0
L 2.863937 2.7194881 2.9409449 2.7194881 0 P 0
L 2.9409449 2.7194881 2.9409449 3.0127954 0 P 0
L 3.128937 2.9281496 3.128937 3.2529528 1 P 0
L 3.128937 2.9281496 3.4537402 2.9281496 1 P 0
L 3.128937 3.2529528 3.4537402 3.2529528 1 P 0
L 3.4537402 2.9281496 3.4537402 3.2529528 1 P 0
